{"accumulated_matrix": [[6379.078125, 4899.09375, 4736.2265625, 4633.109375, 4473.42578125, 4215.41796875, 4113.953125, 3596.923828125, 3000.892578125, 2550.75, 2271.0078125, 1989.4111328125, 1797.9521484375, 1684.08544921875, 1519.19140625, 1350.99169921875, 1281.427734375, 1189.23046875, 1101.1322021484375, 1096.010986328125, 1026.4473876953125, 995.5157470703125, 769.5882339477539, 780.0169067382812, 756.1477489471436, 791.8135070800781, 714.2218780517578, 755.764030456543, 956.9171752929688, 1188.897216796875, 1591.3427734375, 921.9700698852539], [4899.09375, 6379.984375, 6007.53125, 5694.60546875, 5427.1953125, 5132.3984375, 4985.60546875, 4448.859375, 3778.82421875, 3218.05078125, 2894.78125, 2567.990234375, 2349.26171875, 2215.13671875, 2034.37890625, 1851.4892578125, 1770.63330078125, 1658.85302734375, 1562.353515625, 1531.34033203125, 1440.36572265625, 1384.4775390625, 1122.199951171875, 1114.885986328125, 1071.808364868164, 1090.64404296875, 996.9519653320312, 1018.9834594726562, 1210.423095703125, 1427.39892578125, 1780.189453125, 978.8771085739136], [4736.2265625, 6007.53125, 6380.91015625, 6159.7109375, 5939.6640625, 5656.0703125, 5502.875, 4906.58984375, 4164.19140625, 3550.625, 3187.0078125, 2831.81640625, 2586.8837890625, 2434.4697265625, 2226.7607421875, 2017.7841796875, 1925.65380859375, 1798.966796875, 1684.66357421875, 1655.11083984375, 1556.005859375, 1504.05078125, 1205.5035400390625, 1203.870849609375, 1162.4030380249023, 1190.60595703125, 1084.6425399780273, 1114.4649658203125, 1343.28857421875, 1605.91455078125, 2045.4052734375, 1130.5002841949463], [4633.109375, 5694.60546875, 6159.7109375, 6378.6328125, 6203.91796875, 5917.6953125, 5769.0546875, 5116.421875, 4327.390625, 3685.3359375, 3302.923828125, 2931.16796875, 2677.3330078125, 2520.080078125, 2301.66796875, 2079.873046875, 1984.0927734375, 1853.2080078125, 1730.83056640625, 1707.37939453125, 1606.8369140625, 1557.53271484375, 1239.2288970947266, 1239.19580078125, 1200.1474914550781, 1235.86767578125, 1121.0440826416016, 1157.9976501464844, 1414.3466796875, 1710.76904296875, 2214.6767578125, 1239.2437782287598], [4473.42578125, 5427.1953125, 5939.6640625, 6203.91796875, 6378.68359375, 6123.55859375, 5983.00390625, 5326.5703125, 4520.75, 3853.837890625, 3444.375, 3061.6328125, 2795.8798828125, 2628.1201171875, 2401.669921875, 2168.01953125, 2066.0576171875, 1929.0224609375, 1797.24365234375, 1772.14453125, 1669.945556640625, 1616.190673828125, 1281.94384765625, 1282.815673828125, 1242.415267944336, 1278.729248046875, 1160.917236328125, 1199.0265502929688, 1466.021240234375, 1775.1728515625, 2305.6064453125, 1300.1426124572754], [4215.41796875, 5132.3984375, 5656.0703125, 5917.6953125, 6123.55859375, 6380.4609375, 6251.88671875, 5649.26171875, 4837.29296875, 4128.21484375, 3682.29296875, 3266.63671875, 2978.7998046875, 2793.5771484375, 2548.51953125, 2304.291015625, 2191.84912109375, 2042.58642578125, 1896.01708984375, 1863.74072265625, 1755.5234375, 1697.90576171875, 1358.8501586914062, 1355.2236328125, 1307.085693359375, 1337.1181640625, 1215.36376953125, 1247.6915283203125, 1511.584228515625, 1819.03515625, 2340.197265625, 1336.4406802654266], [4113.953125, 4985.60546875, 5502.875, 5769.0546875, 5983.00390625, 6251.88671875, 6380.3828125, 5798.69140625, 4992.94921875, 4270.3828125, 3804.4921875, 3370.517578125, 3074.056640625, 2879.68359375, 2623.052734375, 2368.640625, 2245.0498046875, 2087.8671875, 1935.89697265625, 1899.24462890625, 1786.9326171875, 1724.626953125, 1385.7228393554688, 1379.192138671875, 1325.89599609375, 1352.26171875, 1229.520751953125, 1261.2273559570312, 1519.99755859375, 1820.08447265625, 2327.6728515625, 1338.3634300231934], [3596.923828125, 4448.859375, 4906.58984375, 5116.421875, 5326.5703125, 5649.26171875, 5798.69140625, 6379.33984375, 5625.0625, 4800.58984375, 4239.12109375, 3738.166015625, 3405.2265625, 3173.263671875, 2889.4638671875, 2606.6279296875, 2444.26171875, 2267.541015625, 2101.0419921875, 2032.904296875, 1908.3955078125, 1821.703125, 1500.3994140625, 1472.92529296875, 1402.30908203125, 1408.45263671875, 1289.19873046875, 1298.138427734375, 1500.203125, 1742.771484375, 2148.111328125, 1283.0729713439941], [3000.892578125, 3778.82421875, 4164.19140625, 4327.390625, 4520.75, 4837.29296875, 4992.94921875, 5625.0625, 6379.1328125, 5449.140625, 4783.20703125, 4196.12109375, 3809.8828125, 3532.50390625, 3214.59375, 2902.93359375, 2678.1376953125, 2469.556640625, 2272.431640625, 2169.9375, 2019.6298828125, 1907.4931640625, 1617.2021484375, 1568.7900390625, 1476.83984375, 1460.248046875, 1343.5263671875, 1333.61767578125, 1475.14013671875, 1651.685546875, 1947.416015625, 1230.8956394195557], [2550.75, 3218.05078125, 3550.625, 3685.3359375, 3853.837890625, 4128.21484375, 4270.3828125, 4800.58984375, 5449.140625, 6378.09375, 5673.82421875, 4970.79296875, 4521.203125, 4167.7265625, 3790.6484375, 3415.48828125, 3140.265625, 2887.294921875, 2640.435546875, 2489.2802734375, 2310.6748046875, 2162.5419921875, 1858.68359375, 1787.5302734375, 1671.001953125, 1633.0771484375, 1503.6376953125, 1473.2314453125, 1566.6455078125, 1696.0087890625, 1913.638671875, 1307.1396484375], [2271.0078125, 2894.78125, 3187.0078125, 3302.923828125, 3444.375, 3682.29296875, 3804.4921875, 4239.12109375, 4783.20703125, 5673.82421875, 6379.80078125, 5608.85546875, 5086.72265625, 4697.171875, 4271.5625, 3857.251953125, 3547.55859375, 3257.484375, 2984.474609375, 2801.751953125, 2589.8203125, 2413.61328125, 2099.419921875, 2000.70703125, 1863.72265625, 1804.2705078125, 1663.4853515625, 1609.8779296875, 1667.171875, 1757.3720703125, 1913.150390625, 1371.208251953125], [1989.4111328125, 2567.990234375, 2831.81640625, 2931.16796875, 3061.6328125, 3266.63671875, 3370.517578125, 3738.166015625, 4196.12109375, 4970.79296875, 5608.85546875, 6381.38671875, 5791.49609375, 5342.7578125, 4882.1640625, 4427.140625, 4072.64453125, 3744.12890625, 3430.26171875, 3207.380859375, 2964.630859375, 2755.77734375, 2423.5078125, 2301.9453125, 2140.37109375, 2057.2548828125, 1897.0224609375, 1824.330078125, 1843.923828125, 1887.3076171875, 1985.3857421875, 1494.49951171875], [1797.9521484375, 2349.26171875, 2586.8837890625, 2677.3330078125, 2795.8798828125, 2978.7998046875, 3074.056640625, 3405.2265625, 3809.8828125, 4521.203125, 5086.72265625, 5791.49609375, 6380.859375, 5886.56640625, 5393.04296875, 4894.6484375, 4499.703125, 4126.54296875, 3789.720703125, 3535.30078125, 3268.435546875, 3030.244140625, 2684.32421875, 2542.287109375, 2358.88671875, 2257.86328125, 2086.0859375, 1994.8671875, 1986.5146484375, 1996.275390625, 2041.93359375, 1595.42041015625], [1684.08544921875, 2215.13671875, 2434.4697265625, 2520.080078125, 2628.1201171875, 2793.5771484375, 2879.68359375, 3173.263671875, 3532.50390625, 4167.7265625, 4697.171875, 5342.7578125, 5886.56640625, 6381.0078125, 5857.328125, 5330.66015625, 4897.0390625, 4489.10546875, 4128.57421875, 3842.453125, 3553.103515625, 3291.5078125, 2926.025390625, 2766.244140625, 2566.47265625, 2448.333984375, 2268.3515625, 2159.60546875, 2131.45703125, 2117.26171875, 2128.3544921875, 1697.48828125], [1519.19140625, 2034.37890625, 2226.7607421875, 2301.66796875, 2401.669921875, 2548.51953125, 2623.052734375, 2889.4638671875, 3214.59375, 3790.6484375, 4271.5625, 4882.1640625, 5393.04296875, 5857.328125, 6381.1796875, 5812.25390625, 5334.43359375, 4895.09765625, 4505.83984375, 4192.2265625, 3877.40625, 3582.064453125, 3200.16015625, 3020.8828125, 2802.37890625, 2664.330078125, 2469.771484375, 2344.736328125, 2290.966796875, 2247.943359375, 2219.7353515625, 1823.416015625], [1350.99169921875, 1851.4892578125, 2017.7841796875, 2079.873046875, 2168.01953125, 2304.291015625, 2368.640625, 2606.6279296875, 2902.93359375, 3415.48828125, 3857.251953125, 4427.140625, 4894.6484375, 5330.66015625, 5812.25390625, 6379.73828125, 5881.21484375, 5410.53125, 4998.4609375, 4649.62109375, 4306.15625, 3977.42578125, 3571.517578125, 3362.04296875, 3111.416015625, 2953.1640625, 2739.1484375, 2598.271484375, 2514.65234375, 2437.86328125, 2359.41796875, 1998.3291015625], [1281.427734375, 1770.63330078125, 1925.65380859375, 1984.0927734375, 2066.0576171875, 2191.84912109375, 2245.0498046875, 2444.26171875, 2678.1376953125, 3140.265625, 3547.55859375, 4072.64453125, 4499.703125, 4897.0390625, 5334.43359375, 5881.21484375, 6378.91796875, 5897.53515625, 5479.69921875, 5111.99609375, 4736.59375, 4378.734375, 3948.7421875, 3714.0703125, 3434.5625, 3259.203125, 3027.96875, 2874.46875, 2772.10546875, 2672.587890625, 2556.3828125, 2194.033203125], [1189.23046875, 1658.85302734375, 1798.966796875, 1853.2080078125, 1929.0224609375, 2042.58642578125, 2087.8671875, 2267.541015625, 2469.556640625, 2887.294921875, 3257.484375, 3744.12890625, 4126.54296875, 4489.10546875, 4895.09765625, 5410.53125, 5897.53515625, 6378.03515625, 5951.3515625, 5559.3359375, 5161.1796875, 4777.93359375, 4328.61328125, 4066.37890625, 3761.98046875, 3568.20703125, 3327.08203125, 3161.314453125, 3036.935546875, 2911.765625, 2756.296875, 2399.572265625], [1101.1322021484375, 1562.353515625, 1684.66357421875, 1730.83056640625, 1797.24365234375, 1896.01708984375, 1935.89697265625, 2101.0419921875, 2272.431640625, 2640.435546875, 2984.474609375, 3430.26171875, 3789.720703125, 4128.57421875, 4505.83984375, 4998.4609375, 5479.69921875, 5951.3515625, 6378.5546875, 5969.1953125, 5551.89453125, 5142.734375, 4679.625, 4396.3125, 4069.53125, 3859.1796875, 3601.849609375, 3420.0859375, 3270.806640625, 3118.150390625, 2917.47265625, 2567.626953125], [1096.010986328125, 1531.34033203125, 1655.11083984375, 1707.37939453125, 1772.14453125, 1863.74072265625, 1899.24462890625, 2032.904296875, 2169.9375, 2489.2802734375, 2801.751953125, 3207.380859375, 3535.30078125, 3842.453125, 4192.2265625, 4649.62109375, 5111.99609375, 5559.3359375, 5969.1953125, 6380.6015625, 5947.7890625, 5518.4765625, 5029.171875, 4728.0625, 4382.57421875, 4158.296875, 3882.10546875, 3685.99609375, 3522.412109375, 3356.166015625, 3130.513671875, 2771.5859375], [1026.4473876953125, 1440.36572265625, 1556.005859375, 1606.8369140625, 1669.945556640625, 1755.5234375, 1786.9326171875, 1908.3955078125, 2019.6298828125, 2310.6748046875, 2589.8203125, 2964.630859375, 3268.435546875, 3553.103515625, 3877.40625, 4306.15625, 4736.59375, 5161.1796875, 5551.89453125, 5947.7890625, 6381.27734375, 5936.328125, 5438.3515625, 5119.86328125, 4755.84375, 4512.078125, 4220.9765625, 4002.79296875, 3815.078125, 3624.119140625, 3359.078125, 3011.28125], [995.5157470703125, 1384.4775390625, 1504.05078125, 1557.53271484375, 1616.190673828125, 1697.90576171875, 1724.626953125, 1821.703125, 1907.4931640625, 2162.5419921875, 2413.61328125, 2755.77734375, 3030.244140625, 3291.5078125, 3582.064453125, 3977.42578125, 4378.734375, 4777.93359375, 5142.734375, 5518.4765625, 5936.328125, 6381.1796875, 5863.37890625, 5521.4453125, 5139.58984375, 4878.02734375, 4567.63671875, 4330.1484375, 4118.66015625, 3909.34375, 3620.140625, 3276.37109375], [769.5882339477539, 1122.199951171875, 1205.5035400390625, 1239.2288970947266, 1281.94384765625, 1358.8501586914062, 1385.7228393554688, 1500.3994140625, 1617.2021484375, 1858.68359375, 2099.419921875, 2423.5078125, 2684.32421875, 2926.025390625, 3200.16015625, 3571.517578125, 3948.7421875, 4328.61328125, 4679.625, 5029.171875, 5438.3515625, 5863.37890625, 6380.54296875, 6002.9453125, 5597.49609375, 5302.23828125, 4976.97265625, 4707.6015625, 4448.20703125, 4182.60546875, 3807.970703125, 3528.794921875], [780.0169067382812, 1114.885986328125, 1203.870849609375, 1239.19580078125, 1282.815673828125, 1355.2236328125, 1379.192138671875, 1472.92529296875, 1568.7900390625, 1787.5302734375, 2000.70703125, 2301.9453125, 2542.287109375, 2766.244140625, 3020.8828125, 3362.04296875, 3714.0703125, 4066.37890625, 4396.3125, 4728.0625, 5119.86328125, 5521.4453125, 6002.9453125, 6380.21875, 5955.75, 5642.8515625, 5300.03515625, 5014.83203125, 4740.81640625, 4461.0234375, 4073.046875, 3795.0], [756.1477489471436, 1071.808364868164, 1162.4030380249023, 1200.1474914550781, 1242.415267944336, 1307.085693359375, 1325.89599609375, 1402.30908203125, 1476.83984375, 1671.001953125, 1863.72265625, 2140.37109375, 2358.88671875, 2566.47265625, 2802.37890625, 3111.416015625, 3434.5625, 3761.98046875, 4069.53125, 4382.57421875, 4755.84375, 5139.58984375, 5597.49609375, 5955.75, 6379.4921875, 6049.6484375, 5689.51171875, 5382.3046875, 5084.7578125, 4782.97265625, 4365.1015625, 4089.45703125], [791.8135070800781, 1090.64404296875, 1190.60595703125, 1235.86767578125, 1278.729248046875, 1337.1181640625, 1352.26171875, 1408.45263671875, 1460.248046875, 1633.0771484375, 1804.2705078125, 2057.2548828125, 2257.86328125, 2448.333984375, 2664.330078125, 2953.1640625, 3259.203125, 3568.20703125, 3859.1796875, 4158.296875, 4512.078125, 4878.02734375, 5302.23828125, 5642.8515625, 6049.6484375, 6378.296875, 6001.890625, 5684.96484375, 5378.84375, 5066.3359375, 4637.00390625, 4347.98828125], [714.2218780517578, 996.9519653320312, 1084.6425399780273, 1121.0440826416016, 1160.917236328125, 1215.36376953125, 1229.520751953125, 1289.19873046875, 1343.5263671875, 1503.6376953125, 1663.4853515625, 1897.0224609375, 2086.0859375, 2268.3515625, 2469.771484375, 2739.1484375, 3027.96875, 3327.08203125, 3601.849609375, 3882.10546875, 4220.9765625, 4567.63671875, 4976.97265625, 5300.03515625, 5689.51171875, 6001.890625, 6378.3125, 6050.03125, 5718.90625, 5376.078125, 4902.85546875, 4644.3671875], [755.764030456543, 1018.9834594726562, 1114.4649658203125, 1157.9976501464844, 1199.0265502929688, 1247.6915283203125, 1261.2273559570312, 1298.138427734375, 1333.61767578125, 1473.2314453125, 1609.8779296875, 1824.330078125, 1994.8671875, 2159.60546875, 2344.736328125, 2598.271484375, 2874.46875, 3161.314453125, 3420.0859375, 3685.99609375, 4002.79296875, 4330.1484375, 4707.6015625, 5014.83203125, 5382.3046875, 5684.96484375, 6050.03125, 6378.66796875, 6052.77734375, 5711.62890625, 5241.125, 4992.45703125], [956.9171752929688, 1210.423095703125, 1343.28857421875, 1414.3466796875, 1466.021240234375, 1511.584228515625, 1519.99755859375, 1500.203125, 1475.14013671875, 1566.6455078125, 1667.171875, 1843.923828125, 1986.5146484375, 2131.45703125, 2290.966796875, 2514.65234375, 2772.10546875, 3036.935546875, 3270.806640625, 3522.412109375, 3815.078125, 4118.66015625, 4448.20703125, 4740.81640625, 5084.7578125, 5378.84375, 5718.90625, 6052.77734375, 6380.46875, 6072.171875, 5652.6015625, 5350.45703125], [1188.897216796875, 1427.39892578125, 1605.91455078125, 1710.76904296875, 1775.1728515625, 1819.03515625, 1820.08447265625, 1742.771484375, 1651.685546875, 1696.0087890625, 1757.3720703125, 1887.3076171875, 1996.275390625, 2117.26171875, 2247.943359375, 2437.86328125, 2672.587890625, 2911.765625, 3118.150390625, 3356.166015625, 3624.119140625, 3909.34375, 4182.60546875, 4461.0234375, 4782.97265625, 5066.3359375, 5376.078125, 5711.62890625, 6072.171875, 6381.23828125, 6039.53125, 5672.83203125], [1591.3427734375, 1780.189453125, 2045.4052734375, 2214.6767578125, 2305.6064453125, 2340.197265625, 2327.6728515625, 2148.111328125, 1947.416015625, 1913.638671875, 1913.150390625, 1985.3857421875, 2041.93359375, 2128.3544921875, 2219.7353515625, 2359.41796875, 2556.3828125, 2756.296875, 2917.47265625, 3130.513671875, 3359.078125, 3620.140625, 3807.970703125, 4073.046875, 4365.1015625, 4637.00390625, 4902.85546875, 5241.125, 5652.6015625, 6039.53125, 6380.53515625, 5927.609375], [921.9700698852539, 978.8771085739136, 1130.5002841949463, 1239.2437782287598, 1300.1426124572754, 1336.4406802654266, 1338.3634300231934, 1283.0729713439941, 1230.8956394195557, 1307.1396484375, 1371.208251953125, 1494.49951171875, 1595.42041015625, 1697.48828125, 1823.416015625, 1998.3291015625, 2194.033203125, 2399.572265625, 2567.626953125, 2771.5859375, 3011.28125, 3276.37109375, 3528.794921875, 3795.0, 4089.45703125, 4347.98828125, 4644.3671875, 4992.45703125, 5350.45703125, 5672.83203125, 5927.609375, 6380.84765625]], "average_matrix": [[0.9996988128819935, 0.7677626939351199, 0.7422389221908792, 0.7260788865381602, 0.7010540324792353, 0.6606202740557906, 0.6447191858642846, 0.5636928111777151, 0.47028562578357624, 0.39974141984015044, 0.3559015534398997, 0.3117710598358408, 0.28176651754231313, 0.2639218694904795, 0.23808045858799562, 0.21172099972085096, 0.20081926569111425, 0.18637054830747532, 0.1725642065739598, 0.17176163396460195, 0.16085995732570327, 0.1560124975819327, 0.12060621124396707, 0.12224054329075086, 0.11849988229856505, 0.1240892504435164, 0.11192945902707378, 0.11843974775999733, 0.1499635128182054, 0.18631832264486367, 0.24938767801872747, 0.14448676851359565], [0.7677626939351199, 0.9998408360758502, 0.941471752076477, 0.8924315105391004, 0.850524261479392, 0.8043250959880897, 0.7813203994279894, 0.6972041020216267, 0.5921993760774173, 0.5043176275270334, 0.45365636263908476, 0.40244322745259364, 0.3681651337956433, 0.3471457011048425, 0.3188181956198088, 0.29015659893629525, 0.2774852375460351, 0.2599675642287651, 0.24484461927989343, 0.23998438050952045, 0.22572727200380036, 0.21696874142963485, 0.1758658440952633, 0.17471963427803244, 0.16796871413072623, 0.17092055210292273, 0.15623757488356546, 0.15969024596029718, 0.18969175610454866, 0.22369517721066448, 0.2789828323342736, 0.15340496921703708], [0.7422389221908792, 0.941471752076477, 0.9999859201144021, 0.9653206296035104, 0.9308359289296348, 0.8863924639554929, 0.8623844225043097, 0.7689374461291334, 0.6525922905892493, 0.5564370788277699, 0.49945272096850024, 0.443788811510735, 0.40540413556848454, 0.38151852790510893, 0.34896736282518415, 0.3162175489245416, 0.3017793149339837, 0.2819255284242282, 0.26401247049345716, 0.2593811063851669, 0.24384984475395707, 0.23570769178028522, 0.18892078671666862, 0.1886649192304302, 0.1821662808376277, 0.186586108295134, 0.1699800250709963, 0.17465365394457177, 0.21051380257306848, 0.2516712977246905, 0.32054619549247765, 0.17716663284672407], [0.7260788865381602, 0.8924315105391004, 0.9653206296035104, 0.9996290256229431, 0.9722485454866009, 0.9273930908164865, 0.9040988383482212, 0.8018213250274252, 0.6781680966933082, 0.5775483368594264, 0.5176185281499764, 0.4593587163062216, 0.4195789073519041, 0.39493497541529543, 0.36070646744240714, 0.32594782116831217, 0.31093759182534086, 0.29042595326947185, 0.27124754214170976, 0.26757238591619653, 0.2518158461154208, 0.24408912628800344, 0.1942060644248122, 0.1942008777278248, 0.18808141223242095, 0.19367930979176462, 0.17568470187143106, 0.18147588938199097, 0.22164969122198716, 0.2681035955130465, 0.3470736182122708, 0.19420839652542857], [0.7010540324792353, 0.850524261479392, 0.9308359289296348, 0.9722485454866009, 0.9996369838191506, 0.9596550060727159, 0.9376279433082589, 0.834754789609779, 0.7084704591756777, 0.6039551622982291, 0.5397860836859426, 0.47980454670114403, 0.43815701031382226, 0.41186649697343675, 0.37637829836624354, 0.3397617193621689, 0.32378273267317037, 0.3023072341227864, 0.28165548540099516, 0.27772207040432534, 0.2617059327128389, 0.2532817229005054, 0.2009001485121846, 0.2010367769672661, 0.19470541732398305, 0.2003963717359152, 0.18193343305565352, 0.1879057436597663, 0.22974788281372432, 0.27819665437431434, 0.361323686775192, 0.20375217245843527], [0.6606202740557906, 0.8043250959880897, 0.8863924639554929, 0.9273930908164865, 0.9596550060727159, 0.9999155206864128, 0.9797659800579847, 0.88532545349475, 0.7580775691506033, 0.6469542146607115, 0.577071457255916, 0.5119317847907852, 0.4668233513066134, 0.43779613672425954, 0.3993918713759599, 0.361117538884971, 0.34349617945365146, 0.32010443908184455, 0.29713478919350417, 0.29207659029246985, 0.2751172915687196, 0.2660877231967952, 0.21295254014909987, 0.212384208245181, 0.20484025910662515, 0.20954680521274094, 0.19046603503075538, 0.1955322877793939, 0.23688829783977824, 0.28507054634853474, 0.36674459577260615, 0.2094406331711999], [0.6447191858642846, 0.7813203994279894, 0.8623844225043097, 0.9040988383482212, 0.9376279433082589, 0.9797659800579847, 0.9999032773076321, 0.9087433640887008, 0.7824712770333804, 0.6692341031969911, 0.5962219381758345, 0.528211499471086, 0.4817515500117536, 0.4512903296897038, 0.41107236081727, 0.3712021039022097, 0.351833537797759, 0.327200624902053, 0.3033845749343755, 0.2976405937793841, 0.2800395889652876, 0.27027534134540043, 0.21716389897437216, 0.21614043859455806, 0.2077881203720028, 0.21192003114715563, 0.19268465004750432, 0.19765355836969617, 0.23820679495278954, 0.2852349902297837, 0.36478182911181634, 0.2097419573770872], [0.5636928111777151, 0.6972041020216267, 0.7689374461291334, 0.8018213250274252, 0.834754789609779, 0.88532545349475, 0.9087433640887008, 0.9997398282009089, 0.8815330669174111, 0.7523256297994044, 0.6643349151778718, 0.5858276156754427, 0.5336509265789061, 0.49729880455649583, 0.4528230476708196, 0.40849834347085096, 0.38305308239304187, 0.3553582535065037, 0.3292653176911926, 0.3185871018453221, 0.29907467604019744, 0.28548865773389753, 0.23513546686451967, 0.2308298531529149, 0.2197632161152249, 0.22072600481409654, 0.2020370992742125, 0.20343808615175912, 0.235104705375333, 0.27311886606723085, 0.336641800364363, 0.2010770994113766], [0.47028562578357624, 0.5921993760774173, 0.6525922905892493, 0.6781680966933082, 0.7084704591756777, 0.7580775691506033, 0.7824712770333804, 0.8815330669174111, 0.9997073832471399, 0.8539634265789061, 0.7496014780206864, 0.657596159496944, 0.5970667313117066, 0.5535972271195737, 0.5037758580159849, 0.45493395921485663, 0.4197050141533459, 0.38701718235778093, 0.35612468901817895, 0.34006229431123647, 0.31650679874823695, 0.2989332650152797, 0.2534402363951575, 0.2458533206491929, 0.23144332295094813, 0.2288431353823852, 0.21055106835723242, 0.20899822532224574, 0.23117695294134932, 0.2588443107467482, 0.3051897846144805, 0.19290011587831934], [0.39974141984015044, 0.5043176275270334, 0.5564370788277699, 0.5775483368594264, 0.6039551622982291, 0.6469542146607115, 0.6692341031969911, 0.7523256297994044, 0.8539634265789061, 0.9995445463093559, 0.8891747717834195, 0.7789990548111582, 0.7085414707726062, 0.6531463034790785, 0.5940524114558846, 0.5352590943817583, 0.4921275074439743, 0.4524831408674189, 0.4137965125959881, 0.3901081763732174, 0.36211797597359346, 0.3389033054674032, 0.29128406107976806, 0.28013325081296037, 0.26187148615028993, 0.25592809096340696, 0.23564295491498197, 0.230877831893512, 0.2455172399016612, 0.26579043865577495, 0.2998963597986209, 0.2048487146900956], [0.3559015534398997, 0.45365636263908476, 0.49945272096850024, 0.5176185281499764, 0.5397860836859426, 0.577071457255916, 0.5962219381758345, 0.6643349151778718, 0.7496014780206864, 0.8891747717834195, 0.9998120641357154, 0.8789931779893434, 0.797167004583921, 0.7361184571383795, 0.6694189782165805, 0.6044901979509482, 0.5559565262106253, 0.5104974729666196, 0.4677126797328005, 0.4390772532714308, 0.40586433356840623, 0.3782500048973515, 0.3290111145392572, 0.3135412993653032, 0.2920737590111268, 0.2827567008012067, 0.2606935200693465, 0.2522924196344617, 0.2612712545055634, 0.27540700051911926, 0.2998198386812412, 0.21488924180428223], [0.3117710598358408, 0.40244322745259364, 0.443788811510735, 0.4593587163062216, 0.47980454670114403, 0.5119317847907852, 0.528211499471086, 0.5858276156754427, 0.657596159496944, 0.7789990548111582, 0.8789931779893434, 1.0000606047249647, 0.9076157489029932, 0.8372916176931515, 0.7651095537533302, 0.6938004427205767, 0.6382454993339602, 0.5867620915608839, 0.5375743173091991, 0.5026454880700517, 0.46460286152248864, 0.4318723309434258, 0.3798006288199342, 0.36074993143707884, 0.3354287876116596, 0.32240320996904875, 0.297292346174189, 0.28590034134540043, 0.2889709807436139, 0.2957698820228021, 0.31114021974416234, 0.2342108622032205], [0.28176651754231313, 0.3681651337956433, 0.40540413556848454, 0.4195789073519041, 0.43815701031382226, 0.4668233513066134, 0.4817515500117536, 0.5336509265789061, 0.5970667313117066, 0.7085414707726062, 0.797167004583921, 0.9076157489029932, 0.9999779619181947, 0.9225147165412945, 0.8451720684453847, 0.7670660456824949, 0.7051720929321423, 0.6466922063548033, 0.5939070213328632, 0.5540355400799247, 0.5122136885872121, 0.47488546319150604, 0.42067453671054694, 0.3984151558337251, 0.3696735180614324, 0.35384160496003764, 0.32692147586585174, 0.31262610680144176, 0.3113171365675443, 0.3128467937039649, 0.32000213034790786, 0.2500267058699655], [0.2639218694904795, 0.3471457011048425, 0.38151852790510893, 0.39493497541529543, 0.41186649697343675, 0.43779613672425954, 0.4512903296897038, 0.49729880455649583, 0.5535972271195737, 0.6531463034790785, 0.7361184571383795, 0.8372916176931515, 0.9225147165412945, 1.000001224337878, 0.9179326320325968, 0.8353957304889515, 0.7674406930731861, 0.7035112786005329, 0.647010534203103, 0.6021709959254036, 0.5568255000195894, 0.5158294644256386, 0.45855279589797837, 0.4335126376155775, 0.4022053998197775, 0.3836912685119887, 0.35548527856135403, 0.3384431074674816, 0.33403181809277543, 0.33180719616831217, 0.33354560291294466, 0.26602229764143553], [0.23808045858799562, 0.3188181956198088, 0.34896736282518415, 0.36070646744240714, 0.37637829836624354, 0.3993918713759599, 0.41107236081727, 0.4528230476708196, 0.5037758580159849, 0.5940524114558846, 0.6694189782165805, 0.7651095537533302, 0.8451720684453847, 0.9179326320325968, 1.0000281597711957, 0.91086881464504, 0.8359870856840621, 0.7671364451104843, 0.7061338103353706, 0.6569858270647234, 0.6076486835919135, 0.5613641205336154, 0.5015138937862405, 0.47341840032910204, 0.4391755063861464, 0.4175411499960821, 0.387050851649428, 0.36745593607976806, 0.3590294306339132, 0.3522870019393512, 0.34786637698832473, 0.2857570938136656], [0.21172099972085096, 0.29015659893629525, 0.3162175489245416, 0.32594782116831217, 0.3397617193621689, 0.361117538884971, 0.3712021039022097, 0.40849834347085096, 0.45493395921485663, 0.5352590943817583, 0.6044901979509482, 0.6938004427205767, 0.7670660456824949, 0.8353957304889515, 0.91086881464504, 0.9998022694326908, 0.9216760450948127, 0.8479127487854569, 0.7833350474063626, 0.7286665246434728, 0.674840346340699, 0.6233232692759756, 0.5597112643982134, 0.5268833989578436, 0.48760633374471085, 0.46280583960194327, 0.429266327769942, 0.40718876106801444, 0.3940843666745024, 0.38205034967089796, 0.3697567730371415, 0.313168641523664], [0.20081926569111425, 0.2774852375460351, 0.3017793149339837, 0.31093759182534086, 0.32378273267317037, 0.34349617945365146, 0.351833537797759, 0.38305308239304187, 0.4197050141533459, 0.4921275074439743, 0.5559565262106253, 0.6382454993339602, 0.7051720929321423, 0.7674406930731861, 0.8359870856840621, 0.9216760450948127, 0.9996737139554929, 0.9242336869221125, 0.8587524241889986, 0.8011277376194954, 0.7422964660711487, 0.6862144452280207, 0.6188281127566212, 0.5820514515749883, 0.5382483153110798, 0.5107668272997963, 0.47452887478451655, 0.4504730841560884, 0.4344311971086037, 0.41883527513320795, 0.40062416745024293, 0.343838458411691], [0.18637054830747532, 0.2599675642287651, 0.2819255284242282, 0.29042595326947185, 0.3023072341227864, 0.32010443908184455, 0.327200624902053, 0.3553582535065037, 0.38701718235778093, 0.4524831408674189, 0.5104974729666196, 0.5867620915608839, 0.6466922063548033, 0.7035112786005329, 0.7671364451104843, 0.8479127487854569, 0.9242336869221125, 0.9995353637752703, 0.9326675383952359, 0.8712327123491616, 0.8088355567309199, 0.7487750499529854, 0.678359705571227, 0.6372635803557436, 0.5895597036122865, 0.5591924512223789, 0.5214044869534555, 0.49542617977197934, 0.47593410858407775, 0.456318073186021, 0.43195374941231784, 0.37604956364598024], [0.1725642065739598, 0.24484461927989343, 0.26401247049345716, 0.27124754214170976, 0.28165548540099516, 0.29713478919350417, 0.3033845749343755, 0.3292653176911926, 0.35612468901817895, 0.4137965125959881, 0.4677126797328005, 0.5375743173091991, 0.5939070213328632, 0.647010534203103, 0.7061338103353706, 0.7833350474063626, 0.8587524241889986, 0.9326675383952359, 0.9996167822441624, 0.9354639261087604, 0.8700665305202946, 0.8059448950007836, 0.733368594264222, 0.6889692054536907, 0.6377576006895471, 0.6047923033223632, 0.5644647562098417, 0.5359796172230058, 0.512585275133208, 0.48866171299561195, 0.45721245200595517, 0.4023862957412631], [0.17176163396460195, 0.23998438050952045, 0.2593811063851669, 0.26757238591619653, 0.27772207040432534, 0.29207659029246985, 0.2976405937793841, 0.3185871018453221, 0.34006229431123647, 0.3901081763732174, 0.4390772532714308, 0.5026454880700517, 0.5540355400799247, 0.6021709959254036, 0.6569858270647234, 0.7286665246434728, 0.8011277376194954, 0.8712327123491616, 0.9354639261087604, 0.9999375587682181, 0.9321092403228334, 0.8648294252468265, 0.7881479196050776, 0.7409594891082902, 0.6868162072950948, 0.6516685276602413, 0.6083851228255759, 0.5776517934101238, 0.5520156886655697, 0.5259623907890613, 0.4905992276876665, 0.43434977863971164], [0.16085995732570327, 0.22572727200380036, 0.24384984475395707, 0.2518158461154208, 0.2617059327128389, 0.2751172915687196, 0.2800395889652876, 0.29907467604019744, 0.31650679874823695, 0.36211797597359346, 0.40586433356840623, 0.46460286152248864, 0.5122136885872121, 0.5568255000195894, 0.6076486835919135, 0.674840346340699, 0.7422964660711487, 0.8088355567309199, 0.8700665305202946, 0.9321092403228334, 1.0000434639946716, 0.9303131366556966, 0.8522726159692838, 0.8023606458627175, 0.7453132346027268, 0.7071114441310139, 0.6614913904560413, 0.6272986943660869, 0.5978809160006269, 0.567954731331296, 0.5264187627331139, 0.4719136890769472], [0.1560124975819327, 0.21696874142963485, 0.23570769178028522, 0.24408912628800344, 0.2532817229005054, 0.2660877231967952, 0.27027534134540043, 0.28548865773389753, 0.2989332650152797, 0.3389033054674032, 0.3782500048973515, 0.4318723309434258, 0.47488546319150604, 0.5158294644256386, 0.5613641205336154, 0.6233232692759756, 0.6862144452280207, 0.7487750499529854, 0.8059448950007836, 0.8648294252468265, 0.9303131366556966, 1.0000281597711957, 0.9188808817191663, 0.8652946736404952, 0.8054520990048581, 0.7644612668468892, 0.7158183229509482, 0.678600287964269, 0.6454568494358252, 0.6126537768374863, 0.5673312372668861, 0.5134573097868672], [0.12060621124396707, 0.1758658440952633, 0.18892078671666862, 0.1942060644248122, 0.2009001485121846, 0.21295254014909987, 0.21716389897437216, 0.23513546686451967, 0.2534402363951575, 0.29128406107976806, 0.3290111145392572, 0.3798006288199342, 0.42067453671054694, 0.45855279589797837, 0.5015138937862405, 0.5597112643982134, 0.6188281127566212, 0.678359705571227, 0.733368594264222, 0.7881479196050776, 0.8522726159692838, 0.9188808817191663, 0.9999283762341326, 0.9407530657420466, 0.8772129907146216, 0.8309415892885128, 0.7799675060727159, 0.7377529482056104, 0.6971018698088074, 0.6554780549678734, 0.5967670746160476, 0.5530159727119573], [0.12224054329075086, 0.17471963427803244, 0.1886649192304302, 0.1942008777278248, 0.2010367769672661, 0.212384208245181, 0.21614043859455806, 0.2308298531529149, 0.2458533206491929, 0.28013325081296037, 0.3135412993653032, 0.36074993143707884, 0.3984151558337251, 0.4335126376155775, 0.47341840032910204, 0.5268833989578436, 0.5820514515749883, 0.6372635803557436, 0.6889692054536907, 0.7409594891082902, 0.8023606458627175, 0.8652946736404952, 0.9407530657420466, 0.9998775662121925, 0.9333568406205924, 0.884320884265789, 0.8305963260068955, 0.78590064742987, 0.7429582206942486, 0.6991103960977904, 0.6383085527346811, 0.5947343676539727], [0.11849988229856505, 0.16796871413072623, 0.1821662808376277, 0.18808141223242095, 0.19470541732398305, 0.20484025910662515, 0.2077881203720028, 0.2197632161152249, 0.23144332295094813, 0.26187148615028993, 0.2920737590111268, 0.3354287876116596, 0.3696735180614324, 0.4022053998197775, 0.4391755063861464, 0.48760633374471085, 0.5382483153110798, 0.5895597036122865, 0.6377576006895471, 0.6868162072950948, 0.7453132346027268, 0.8054520990048581, 0.8772129907146216, 0.9333568406205924, 0.9997637027895314, 0.9480721575771822, 0.8916332422425952, 0.8434892160319699, 0.7968590836075851, 0.7495647478843441, 0.6840779756307789, 0.6408802744475788], [0.1240892504435164, 0.17092055210292273, 0.186586108295134, 0.19367930979176462, 0.2003963717359152, 0.20954680521274094, 0.21192003114715563, 0.22072600481409654, 0.2288431353823852, 0.25592809096340696, 0.2827567008012067, 0.32240320996904875, 0.35384160496003764, 0.3836912685119887, 0.4175411499960821, 0.46280583960194327, 0.5107668272997963, 0.5591924512223789, 0.6047923033223632, 0.6516685276602413, 0.7071114441310139, 0.7644612668468892, 0.8309415892885128, 0.884320884265789, 0.9480721575771822, 0.9995763790941858, 0.9405877801285065, 0.8909206775975552, 0.8429468343519825, 0.7939720948910829, 0.7266892189703809, 0.6813960635088544], [0.11192945902707378, 0.15623757488356546, 0.1699800250709963, 0.17568470187143106, 0.18193343305565352, 0.19046603503075538, 0.19268465004750432, 0.2020370992742125, 0.21055106835723242, 0.23564295491498197, 0.2606935200693465, 0.297292346174189, 0.32692147586585174, 0.35548527856135403, 0.387050851649428, 0.429266327769942, 0.47452887478451655, 0.5214044869534555, 0.5644647562098417, 0.6083851228255759, 0.6614913904560413, 0.7158183229509482, 0.7799675060727159, 0.8305963260068955, 0.8916332422425952, 0.9405877801285065, 0.999578827769942, 0.948132150133208, 0.8962398135088544, 0.8425134187431437, 0.7683522126234132, 0.727843157420467], [0.11843974775999733, 0.15969024596029718, 0.17465365394457177, 0.18147588938199097, 0.1879057436597663, 0.1955322877793939, 0.19765355836969617, 0.20343808615175912, 0.20899822532224574, 0.230877831893512, 0.2522924196344617, 0.28590034134540043, 0.31262610680144176, 0.3384431074674816, 0.36745593607976806, 0.40718876106801444, 0.4504730841560884, 0.49542617977197934, 0.5359796172230058, 0.5776517934101238, 0.6272986943660869, 0.678600287964269, 0.7377529482056104, 0.78590064742987, 0.8434892160319699, 0.8909206775975552, 0.948132150133208, 0.9996345351433944, 0.9485625048973515, 0.895099342775427, 0.8213642062372669, 0.7823941437470616], [0.1499635128182054, 0.18969175610454866, 0.21051380257306848, 0.22164969122198716, 0.22974788281372432, 0.23688829783977824, 0.23820679495278954, 0.235104705375333, 0.23117695294134932, 0.2455172399016612, 0.2612712545055634, 0.2889709807436139, 0.3113171365675443, 0.33403181809277543, 0.3590294306339132, 0.3940843666745024, 0.4344311971086037, 0.47593410858407775, 0.512585275133208, 0.5520156886655697, 0.5978809160006269, 0.6454568494358252, 0.6971018698088074, 0.7429582206942486, 0.7968590836075851, 0.8429468343519825, 0.8962398135088544, 0.9485625048973515, 0.9999167450242908, 0.951601923679674, 0.8858488579376274, 0.8384982026719949], [0.18631832264486367, 0.22369517721066448, 0.2516712977246905, 0.2681035955130465, 0.27819665437431434, 0.28507054634853474, 0.2852349902297837, 0.27311886606723085, 0.2588443107467482, 0.26579043865577495, 0.27540700051911926, 0.2957698820228021, 0.3128467937039649, 0.33180719616831217, 0.3522870019393512, 0.38205034967089796, 0.41883527513320795, 0.456318073186021, 0.48866171299561195, 0.5259623907890613, 0.567954731331296, 0.6126537768374863, 0.6554780549678734, 0.6991103960977904, 0.7495647478843441, 0.7939720948910829, 0.8425134187431437, 0.895099342775427, 0.951601923679674, 1.0000373423052813, 0.9464866400250744, 0.8890192808729039], [0.24938767801872747, 0.2789828323342736, 0.32054619549247765, 0.3470736182122708, 0.361323686775192, 0.36674459577260615, 0.36478182911181634, 0.336641800364363, 0.3051897846144805, 0.2998963597986209, 0.2998198386812412, 0.31114021974416234, 0.32000213034790786, 0.33354560291294466, 0.34786637698832473, 0.3697567730371415, 0.40062416745024293, 0.43195374941231784, 0.45721245200595517, 0.4905992276876665, 0.5264187627331139, 0.5673312372668861, 0.5967670746160476, 0.6383085527346811, 0.6840779756307789, 0.7266892189703809, 0.7683522126234132, 0.8213642062372669, 0.8858488579376274, 0.9464866400250744, 0.9999271518962545, 0.9289467755837643], [0.14448676851359565, 0.15340496921703708, 0.17716663284672407, 0.19420839652542857, 0.20375217245843527, 0.2094406331711999, 0.2097419573770872, 0.2010770994113766, 0.19290011587831934, 0.2048487146900956, 0.21488924180428223, 0.2342108622032205, 0.2500267058699655, 0.26602229764143553, 0.2857570938136656, 0.313168641523664, 0.343838458411691, 0.37604956364598024, 0.4023862957412631, 0.43434977863971164, 0.4719136890769472, 0.5134573097868672, 0.5530159727119573, 0.5947343676539727, 0.6408802744475788, 0.6813960635088544, 0.727843157420467, 0.7823941437470616, 0.8384982026719949, 0.8890192808729039, 0.9289467755837643, 0.9999761254113775]], "count": 6381}