{"accumulated_matrix": [[6.00390625, 5.72265625, 5.515625, 5.30859375, 5.0, 4.73046875, 4.453125, 4.140625, 3.875, 3.55859375, 3.3125, 3.0546875, 2.919921875, 2.787109375, 2.654296875, 2.54296875, 2.46875, 2.388671875, 2.333984375, 2.24609375, 2.15625, 2.087890625, 1.8828125, 1.83203125, 1.806640625, 1.7734375, 1.517578125, 1.4921875, 1.5498046875, 1.59375, 1.5361328125, 1.185546875], [5.72265625, 6.00390625, 5.9375, 5.80859375, 5.6015625, 5.38671875, 5.15625, 4.8515625, 4.578125, 4.265625, 3.96875, 3.671875, 3.546875, 3.42578125, 3.28125, 3.16796875, 3.08203125, 2.998046875, 2.943359375, 2.845703125, 2.744140625, 2.6796875, 2.3515625, 2.306640625, 2.298828125, 2.27734375, 1.87109375, 1.85546875, 1.96484375, 2.068359375, 2.029296875, 1.4453125], [5.515625, 5.9375, 6.0, 5.92578125, 5.76171875, 5.5859375, 5.38671875, 5.0859375, 4.80859375, 4.49609375, 4.18359375, 3.875, 3.75, 3.62890625, 3.4765625, 3.3515625, 3.26953125, 3.171875, 3.1171875, 3.01953125, 2.91796875, 2.8515625, 2.482421875, 2.439453125, 2.44140625, 2.423828125, 1.962890625, 1.947265625, 2.072265625, 2.201171875, 2.1875, 1.5537109375], [5.30859375, 5.80859375, 5.92578125, 6.0078125, 5.890625, 5.75, 5.5703125, 5.28125, 5.0078125, 4.6875, 4.34765625, 4.02734375, 3.890625, 3.7734375, 3.609375, 3.484375, 3.37890625, 3.29296875, 3.22265625, 3.12109375, 3.021484375, 2.958984375, 2.548828125, 2.517578125, 2.5234375, 2.509765625, 2.0, 1.978515625, 2.126953125, 2.28125, 2.294921875, 1.6279296875], [5.0, 5.6015625, 5.76171875, 5.890625, 5.98828125, 5.8984375, 5.74609375, 5.4765625, 5.203125, 4.88671875, 4.5390625, 4.21484375, 4.08203125, 3.953125, 3.7890625, 3.6640625, 3.5546875, 3.45703125, 3.390625, 3.29296875, 3.1796875, 3.125, 2.671875, 2.646484375, 2.65625, 2.640625, 2.08984375, 2.0703125, 2.22265625, 2.388671875, 2.4140625, 1.720703125], [4.73046875, 5.38671875, 5.5859375, 5.75, 5.8984375, 5.99609375, 5.875, 5.62890625, 5.36328125, 5.046875, 4.69921875, 4.375, 4.22265625, 4.10546875, 3.921875, 3.796875, 3.67578125, 3.58203125, 3.5, 3.39453125, 3.28125, 3.2265625, 2.74609375, 2.72265625, 2.728515625, 2.71484375, 2.13671875, 2.10546875, 2.2578125, 2.4296875, 2.46875, 1.7890625], [4.453125, 5.15625, 5.38671875, 5.5703125, 5.74609375, 5.875, 5.984375, 5.77734375, 5.54296875, 5.234375, 4.8828125, 4.5390625, 4.390625, 4.2578125, 4.0703125, 3.93359375, 3.8046875, 3.703125, 3.62109375, 3.51171875, 3.390625, 3.34375, 2.8515625, 2.822265625, 2.82421875, 2.80859375, 2.216796875, 2.181640625, 2.34375, 2.513671875, 2.548828125, 1.833984375], [4.140625, 4.8515625, 5.0859375, 5.28125, 5.4765625, 5.62890625, 5.77734375, 5.98046875, 5.78125, 5.48046875, 5.12109375, 4.77734375, 4.60546875, 4.4609375, 4.2578125, 4.10546875, 3.96484375, 3.8515625, 3.76171875, 3.64453125, 3.51953125, 3.45703125, 2.974609375, 2.939453125, 2.923828125, 2.89453125, 2.322265625, 2.275390625, 2.404296875, 2.54296875, 2.552734375, 1.861328125], [3.875, 4.578125, 4.80859375, 5.0078125, 5.203125, 5.36328125, 5.54296875, 5.78125, 5.9921875, 5.71484375, 5.3671875, 5.0234375, 4.8359375, 4.6796875, 4.45703125, 4.2890625, 4.1328125, 4.015625, 3.921875, 3.79296875, 3.66015625, 3.5859375, 3.1171875, 3.06640625, 3.044921875, 2.9921875, 2.45703125, 2.400390625, 2.498046875, 2.6015625, 2.576171875, 1.904296875], [3.55859375, 4.265625, 4.49609375, 4.6875, 4.88671875, 5.046875, 5.234375, 5.48046875, 5.71484375, 5.9921875, 5.65625, 5.31640625, 5.11328125, 4.9296875, 4.69921875, 4.5078125, 4.34765625, 4.21875, 4.11328125, 3.97265625, 3.83984375, 3.73828125, 3.2890625, 3.22265625, 3.1796875, 3.125, 2.615234375, 2.5390625, 2.615234375, 2.67578125, 2.60546875, 1.96875], [3.3125, 3.96875, 4.18359375, 4.34765625, 4.5390625, 4.69921875, 4.8828125, 5.12109375, 5.3671875, 5.65625, 5.9921875, 5.6875, 5.47265625, 5.26953125, 5.01953125, 4.8046875, 4.625, 4.484375, 4.37109375, 4.22265625, 4.07421875, 3.9453125, 3.546875, 3.4609375, 3.390625, 3.30859375, 2.87109375, 2.77734375, 2.794921875, 2.759765625, 2.59765625, 2.041015625], [3.0546875, 3.671875, 3.875, 4.02734375, 4.21484375, 4.375, 4.5390625, 4.77734375, 5.0234375, 5.31640625, 5.6875, 6.015625, 5.77734375, 5.54296875, 5.26171875, 5.04296875, 4.8515625, 4.69140625, 4.55078125, 4.39453125, 4.2265625, 4.08203125, 3.72265625, 3.61328125, 3.515625, 3.4140625, 3.033203125, 2.916015625, 2.8828125, 2.763671875, 2.52734375, 2.068359375], [2.919921875, 3.546875, 3.75, 3.890625, 4.08203125, 4.22265625, 4.390625, 4.60546875, 4.8359375, 5.11328125, 5.47265625, 5.77734375, 6.0, 5.7578125, 5.48046875, 5.23828125, 5.0390625, 4.87109375, 4.71875, 4.55859375, 4.37890625, 4.22265625, 3.859375, 3.74609375, 3.640625, 3.5390625, 3.16015625, 3.0390625, 3.001953125, 2.87109375, 2.6171875, 2.12890625], [2.787109375, 3.42578125, 3.62890625, 3.7734375, 3.953125, 4.10546875, 4.2578125, 4.4609375, 4.6796875, 4.9296875, 5.26953125, 5.54296875, 5.7578125, 5.9921875, 5.70703125, 5.46484375, 5.2578125, 5.08203125, 4.92578125, 4.75390625, 4.5703125, 4.40234375, 4.04296875, 3.91796875, 3.8046875, 3.69140625, 3.30859375, 3.1875, 3.140625, 2.994140625, 2.720703125, 2.19921875], [2.654296875, 3.28125, 3.4765625, 3.609375, 3.7890625, 3.921875, 4.0703125, 4.2578125, 4.45703125, 4.69921875, 5.01953125, 5.26171875, 5.48046875, 5.70703125, 5.9921875, 5.7109375, 5.4921875, 5.30859375, 5.1328125, 4.9453125, 4.7578125, 4.5703125, 4.21875, 4.08203125, 3.94921875, 3.828125, 3.45703125, 3.31640625, 3.24609375, 3.076171875, 2.76171875, 2.24609375], [2.54296875, 3.16796875, 3.3515625, 3.484375, 3.6640625, 3.796875, 3.93359375, 4.10546875, 4.2890625, 4.5078125, 4.8046875, 5.04296875, 5.23828125, 5.46484375, 5.7109375, 6.00390625, 5.76171875, 5.5703125, 5.3828125, 5.19921875, 5.0, 4.80859375, 4.453125, 4.30859375, 4.16796875, 4.0234375, 3.66015625, 3.4921875, 3.3984375, 3.19140625, 2.841796875, 2.3359375], [2.46875, 3.08203125, 3.26953125, 3.37890625, 3.5546875, 3.67578125, 3.8046875, 3.96484375, 4.1328125, 4.34765625, 4.625, 4.8515625, 5.0390625, 5.2578125, 5.4921875, 5.76171875, 6.0078125, 5.828125, 5.65625, 5.4609375, 5.2578125, 5.0546875, 4.72265625, 4.5546875, 4.40234375, 4.23828125, 3.90234375, 3.73046875, 3.59765625, 3.34375, 2.935546875, 2.42578125], [2.388671875, 2.998046875, 3.171875, 3.29296875, 3.45703125, 3.58203125, 3.703125, 3.8515625, 4.015625, 4.21875, 4.484375, 4.69140625, 4.87109375, 5.08203125, 5.30859375, 5.5703125, 5.828125, 6.00390625, 5.8203125, 5.62109375, 5.41796875, 5.2109375, 4.890625, 4.71484375, 4.55078125, 4.38671875, 4.046875, 3.85546875, 3.7265625, 3.4453125, 3.02734375, 2.490234375], [2.333984375, 2.943359375, 3.1171875, 3.22265625, 3.390625, 3.5, 3.62109375, 3.76171875, 3.921875, 4.11328125, 4.37109375, 4.55078125, 4.71875, 4.92578125, 5.1328125, 5.3828125, 5.65625, 5.8203125, 5.9921875, 5.80078125, 5.6015625, 5.37890625, 5.06640625, 4.8828125, 4.71484375, 4.5390625, 4.21484375, 4.01171875, 3.87109375, 3.57421875, 3.1328125, 2.560546875], [2.24609375, 2.845703125, 3.01953125, 3.12109375, 3.29296875, 3.39453125, 3.51171875, 3.64453125, 3.79296875, 3.97265625, 4.22265625, 4.39453125, 4.55859375, 4.75390625, 4.9453125, 5.19921875, 5.4609375, 5.62109375, 5.80078125, 5.99609375, 5.79296875, 5.5625, 5.24609375, 5.06640625, 4.88671875, 4.69921875, 4.3828125, 4.17578125, 4.01171875, 3.69140625, 3.23046875, 2.65625], [2.15625, 2.744140625, 2.91796875, 3.021484375, 3.1796875, 3.28125, 3.390625, 3.51953125, 3.66015625, 3.83984375, 4.07421875, 4.2265625, 4.37890625, 4.5703125, 4.7578125, 5.0, 5.2578125, 5.41796875, 5.6015625, 5.79296875, 6.0078125, 5.76953125, 5.4609375, 5.265625, 5.078125, 4.88671875, 4.5625, 4.3515625, 4.1796875, 3.83984375, 3.359375, 2.763671875], [2.087890625, 2.6796875, 2.8515625, 2.958984375, 3.125, 3.2265625, 3.34375, 3.45703125, 3.5859375, 3.73828125, 3.9453125, 4.08203125, 4.22265625, 4.40234375, 4.5703125, 4.80859375, 5.0546875, 5.2109375, 5.37890625, 5.5625, 5.76953125, 6.0078125, 5.671875, 5.48046875, 5.29296875, 5.08984375, 4.73046875, 4.5078125, 4.3203125, 3.99609375, 3.51171875, 2.896484375], [1.8828125, 2.3515625, 2.482421875, 2.548828125, 2.671875, 2.74609375, 2.8515625, 2.974609375, 3.1171875, 3.2890625, 3.546875, 3.72265625, 3.859375, 4.04296875, 4.21875, 4.453125, 4.72265625, 4.890625, 5.06640625, 5.24609375, 5.4609375, 5.671875, 5.98828125, 5.765625, 5.54296875, 5.3203125, 5.06640625, 4.8203125, 4.5546875, 4.11328125, 3.515625, 2.916015625], [1.83203125, 2.306640625, 2.439453125, 2.517578125, 2.646484375, 2.72265625, 2.822265625, 2.939453125, 3.06640625, 3.22265625, 3.4609375, 3.61328125, 3.74609375, 3.91796875, 4.08203125, 4.30859375, 4.5546875, 4.71484375, 4.8828125, 5.06640625, 5.265625, 5.48046875, 5.765625, 6.0, 5.765625, 5.54296875, 5.265625, 4.9921875, 4.73828125, 4.296875, 3.69921875, 3.08984375], [1.806640625, 2.298828125, 2.44140625, 2.5234375, 2.65625, 2.728515625, 2.82421875, 2.923828125, 3.044921875, 3.1796875, 3.390625, 3.515625, 3.640625, 3.8046875, 3.94921875, 4.16796875, 4.40234375, 4.55078125, 4.71484375, 4.88671875, 5.078125, 5.29296875, 5.54296875, 5.765625, 6.0, 5.77734375, 5.453125, 5.19140625, 4.93359375, 4.51171875, 3.9140625, 3.22265625], [1.7734375, 2.27734375, 2.423828125, 2.509765625, 2.640625, 2.71484375, 2.80859375, 2.89453125, 2.9921875, 3.125, 3.30859375, 3.4140625, 3.5390625, 3.69140625, 3.828125, 4.0234375, 4.23828125, 4.38671875, 4.5390625, 4.69921875, 4.88671875, 5.08984375, 5.3203125, 5.54296875, 5.77734375, 5.9921875, 5.64453125, 5.3828125, 5.13671875, 4.72265625, 4.12890625, 3.390625], [1.517578125, 1.87109375, 1.962890625, 2.0, 2.08984375, 2.13671875, 2.216796875, 2.322265625, 2.45703125, 2.615234375, 2.87109375, 3.033203125, 3.16015625, 3.30859375, 3.45703125, 3.66015625, 3.90234375, 4.046875, 4.21484375, 4.3828125, 4.5625, 4.73046875, 5.06640625, 5.265625, 5.453125, 5.64453125, 6.00390625, 5.71484375, 5.3671875, 4.796875, 4.06640625, 3.4921875], [1.4921875, 1.85546875, 1.947265625, 1.978515625, 2.0703125, 2.10546875, 2.181640625, 2.275390625, 2.400390625, 2.5390625, 2.77734375, 2.916015625, 3.0390625, 3.1875, 3.31640625, 3.4921875, 3.73046875, 3.85546875, 4.01171875, 4.17578125, 4.3515625, 4.5078125, 4.8203125, 4.9921875, 5.19140625, 5.3828125, 5.71484375, 5.99609375, 5.66015625, 5.09375, 4.35546875, 3.71875], [1.5498046875, 1.96484375, 2.072265625, 2.126953125, 2.22265625, 2.2578125, 2.34375, 2.404296875, 2.498046875, 2.615234375, 2.794921875, 2.8828125, 3.001953125, 3.140625, 3.24609375, 3.3984375, 3.59765625, 3.7265625, 3.87109375, 4.01171875, 4.1796875, 4.3203125, 4.5546875, 4.73828125, 4.93359375, 5.13671875, 5.3671875, 5.66015625, 5.98828125, 5.4921875, 4.8046875, 4.0390625], [1.59375, 2.068359375, 2.201171875, 2.28125, 2.388671875, 2.4296875, 2.513671875, 2.54296875, 2.6015625, 2.67578125, 2.759765625, 2.763671875, 2.87109375, 2.994140625, 3.076171875, 3.19140625, 3.34375, 3.4453125, 3.57421875, 3.69140625, 3.83984375, 3.99609375, 4.11328125, 4.296875, 4.51171875, 4.72265625, 4.796875, 5.09375, 5.4921875, 5.9921875, 5.43359375, 4.47265625], [1.5361328125, 2.029296875, 2.1875, 2.294921875, 2.4140625, 2.46875, 2.548828125, 2.552734375, 2.576171875, 2.60546875, 2.59765625, 2.52734375, 2.6171875, 2.720703125, 2.76171875, 2.841796875, 2.935546875, 3.02734375, 3.1328125, 3.23046875, 3.359375, 3.51171875, 3.515625, 3.69921875, 3.9140625, 4.12890625, 4.06640625, 4.35546875, 4.8046875, 5.43359375, 5.9921875, 5.01171875], [1.185546875, 1.4453125, 1.5537109375, 1.6279296875, 1.720703125, 1.7890625, 1.833984375, 1.861328125, 1.904296875, 1.96875, 2.041015625, 2.068359375, 2.12890625, 2.19921875, 2.24609375, 2.3359375, 2.42578125, 2.490234375, 2.560546875, 2.65625, 2.763671875, 2.896484375, 2.916015625, 3.08984375, 3.22265625, 3.390625, 3.4921875, 3.71875, 4.0390625, 4.47265625, 5.01171875, 6.0]], "average_matrix": [[1.0006510416666667, 0.9537760416666666, 0.9192708333333334, 0.884765625, 0.8333333333333334, 0.7884114583333334, 0.7421875, 0.6901041666666666, 0.6458333333333334, 0.5930989583333334, 0.5520833333333334, 0.5091145833333334, 0.4866536458333333, 0.4645182291666667, 0.4423828125, 0.423828125, 0.4114583333333333, 0.3981119791666667, 0.3889973958333333, 0.3743489583333333, 0.359375, 0.3479817708333333, 0.3138020833333333, 0.3053385416666667, 0.3011067708333333, 0.2955729166666667, 0.2529296875, 0.24869791666666666, 0.25830078125, 0.265625, 0.2560221354166667, 0.19759114583333334], [0.9537760416666666, 1.0006510416666667, 0.9895833333333334, 0.9680989583333334, 0.93359375, 0.8977864583333334, 0.859375, 0.80859375, 0.7630208333333334, 0.7109375, 0.6614583333333334, 0.6119791666666666, 0.5911458333333334, 0.5709635416666666, 0.546875, 0.5279947916666666, 0.513671875, 0.4996744791666667, 0.4905598958333333, 0.4742838541666667, 0.4573567708333333, 0.4466145833333333, 0.3919270833333333, 0.3844401041666667, 0.3831380208333333, 0.3795572916666667, 0.3118489583333333, 0.3092447916666667, 0.3274739583333333, 0.3447265625, 0.3382161458333333, 0.24088541666666666], [0.9192708333333334, 0.9895833333333334, 1.0, 0.9876302083333334, 0.9602864583333334, 0.9309895833333334, 0.8977864583333334, 0.84765625, 0.8014322916666666, 0.7493489583333334, 0.697265625, 0.6458333333333334, 0.625, 0.6048177083333334, 0.5794270833333334, 0.55859375, 0.544921875, 0.5286458333333334, 0.51953125, 0.5032552083333334, 0.486328125, 0.4752604166666667, 0.4137369791666667, 0.4065755208333333, 0.4069010416666667, 0.4039713541666667, 0.3271484375, 0.3245442708333333, 0.3453776041666667, 0.3668619791666667, 0.3645833333333333, 0.2589518229166667], [0.884765625, 0.9680989583333334, 0.9876302083333334, 1.0013020833333333, 0.9817708333333334, 0.9583333333333334, 0.9283854166666666, 0.8802083333333334, 0.8346354166666666, 0.78125, 0.724609375, 0.6712239583333334, 0.6484375, 0.62890625, 0.6015625, 0.5807291666666666, 0.5631510416666666, 0.548828125, 0.537109375, 0.5201822916666666, 0.5035807291666666, 0.4931640625, 0.4248046875, 0.4195963541666667, 0.4205729166666667, 0.4182942708333333, 0.3333333333333333, 0.3297526041666667, 0.3544921875, 0.3802083333333333, 0.3824869791666667, 0.2713216145833333], [0.8333333333333334, 0.93359375, 0.9602864583333334, 0.9817708333333334, 0.998046875, 0.9830729166666666, 0.9576822916666666, 0.9127604166666666, 0.8671875, 0.814453125, 0.7565104166666666, 0.7024739583333334, 0.6803385416666666, 0.6588541666666666, 0.6315104166666666, 0.6106770833333334, 0.5924479166666666, 0.576171875, 0.5651041666666666, 0.548828125, 0.5299479166666666, 0.5208333333333334, 0.4453125, 0.4410807291666667, 0.4427083333333333, 0.4401041666666667, 0.3483072916666667, 0.3450520833333333, 0.3704427083333333, 0.3981119791666667, 0.40234375, 0.2867838541666667], [0.7884114583333334, 0.8977864583333334, 0.9309895833333334, 0.9583333333333334, 0.9830729166666666, 0.9993489583333334, 0.9791666666666666, 0.9381510416666666, 0.8938802083333334, 0.8411458333333334, 0.783203125, 0.7291666666666666, 0.7037760416666666, 0.6842447916666666, 0.6536458333333334, 0.6328125, 0.6126302083333334, 0.5970052083333334, 0.5833333333333334, 0.5657552083333334, 0.546875, 0.5377604166666666, 0.4576822916666667, 0.4537760416666667, 0.4547526041666667, 0.4524739583333333, 0.3561197916666667, 0.3509114583333333, 0.3763020833333333, 0.4049479166666667, 0.4114583333333333, 0.2981770833333333], [0.7421875, 0.859375, 0.8977864583333334, 0.9283854166666666, 0.9576822916666666, 0.9791666666666666, 0.9973958333333334, 0.962890625, 0.923828125, 0.8723958333333334, 0.8138020833333334, 0.7565104166666666, 0.7317708333333334, 0.7096354166666666, 0.6783854166666666, 0.6555989583333334, 0.6341145833333334, 0.6171875, 0.603515625, 0.5852864583333334, 0.5651041666666666, 0.5572916666666666, 0.4752604166666667, 0.4703776041666667, 0.470703125, 0.4680989583333333, 0.3694661458333333, 0.3636067708333333, 0.390625, 0.4189453125, 0.4248046875, 0.3056640625], [0.6901041666666666, 0.80859375, 0.84765625, 0.8802083333333334, 0.9127604166666666, 0.9381510416666666, 0.962890625, 0.9967447916666666, 0.9635416666666666, 0.9134114583333334, 0.853515625, 0.7962239583333334, 0.767578125, 0.7434895833333334, 0.7096354166666666, 0.6842447916666666, 0.6608072916666666, 0.6419270833333334, 0.626953125, 0.607421875, 0.5865885416666666, 0.576171875, 0.4957682291666667, 0.4899088541666667, 0.4873046875, 0.482421875, 0.3870442708333333, 0.3792317708333333, 0.4007161458333333, 0.423828125, 0.4254557291666667, 0.3102213541666667], [0.6458333333333334, 0.7630208333333334, 0.8014322916666666, 0.8346354166666666, 0.8671875, 0.8938802083333334, 0.923828125, 0.9635416666666666, 0.9986979166666666, 0.9524739583333334, 0.89453125, 0.8372395833333334, 0.8059895833333334, 0.7799479166666666, 0.7428385416666666, 0.71484375, 0.6888020833333334, 0.6692708333333334, 0.6536458333333334, 0.6321614583333334, 0.6100260416666666, 0.59765625, 0.51953125, 0.5110677083333334, 0.5074869791666666, 0.4986979166666667, 0.4095052083333333, 0.4000651041666667, 0.4163411458333333, 0.43359375, 0.4293619791666667, 0.3173828125], [0.5930989583333334, 0.7109375, 0.7493489583333334, 0.78125, 0.814453125, 0.8411458333333334, 0.8723958333333334, 0.9134114583333334, 0.9524739583333334, 0.9986979166666666, 0.9427083333333334, 0.8860677083333334, 0.8522135416666666, 0.8216145833333334, 0.783203125, 0.7513020833333334, 0.724609375, 0.703125, 0.685546875, 0.662109375, 0.6399739583333334, 0.623046875, 0.5481770833333334, 0.537109375, 0.5299479166666666, 0.5208333333333334, 0.4358723958333333, 0.4231770833333333, 0.4358723958333333, 0.4459635416666667, 0.4342447916666667, 0.328125], [0.5520833333333334, 0.6614583333333334, 0.697265625, 0.724609375, 0.7565104166666666, 0.783203125, 0.8138020833333334, 0.853515625, 0.89453125, 0.9427083333333334, 0.9986979166666666, 0.9479166666666666, 0.912109375, 0.8782552083333334, 0.8365885416666666, 0.80078125, 0.7708333333333334, 0.7473958333333334, 0.728515625, 0.7037760416666666, 0.6790364583333334, 0.6575520833333334, 0.5911458333333334, 0.5768229166666666, 0.5651041666666666, 0.5514322916666666, 0.478515625, 0.462890625, 0.4658203125, 0.4599609375, 0.4329427083333333, 0.3401692708333333], [0.5091145833333334, 0.6119791666666666, 0.6458333333333334, 0.6712239583333334, 0.7024739583333334, 0.7291666666666666, 0.7565104166666666, 0.7962239583333334, 0.8372395833333334, 0.8860677083333334, 0.9479166666666666, 1.0026041666666667, 0.962890625, 0.923828125, 0.876953125, 0.8404947916666666, 0.80859375, 0.7819010416666666, 0.7584635416666666, 0.732421875, 0.7044270833333334, 0.6803385416666666, 0.6204427083333334, 0.6022135416666666, 0.5859375, 0.5690104166666666, 0.5055338541666666, 0.4860026041666667, 0.48046875, 0.4606119791666667, 0.4212239583333333, 0.3447265625], [0.4866536458333333, 0.5911458333333334, 0.625, 0.6484375, 0.6803385416666666, 0.7037760416666666, 0.7317708333333334, 0.767578125, 0.8059895833333334, 0.8522135416666666, 0.912109375, 0.962890625, 1.0, 0.9596354166666666, 0.9134114583333334, 0.873046875, 0.83984375, 0.8118489583333334, 0.7864583333333334, 0.759765625, 0.7298177083333334, 0.7037760416666666, 0.6432291666666666, 0.6243489583333334, 0.6067708333333334, 0.58984375, 0.5266927083333334, 0.5065104166666666, 0.5003255208333334, 0.478515625, 0.4361979166666667, 0.3548177083333333], [0.4645182291666667, 0.5709635416666666, 0.6048177083333334, 0.62890625, 0.6588541666666666, 0.6842447916666666, 0.7096354166666666, 0.7434895833333334, 0.7799479166666666, 0.8216145833333334, 0.8782552083333334, 0.923828125, 0.9596354166666666, 0.9986979166666666, 0.951171875, 0.9108072916666666, 0.8763020833333334, 0.8470052083333334, 0.8209635416666666, 0.7923177083333334, 0.76171875, 0.7337239583333334, 0.673828125, 0.6529947916666666, 0.6341145833333334, 0.615234375, 0.5514322916666666, 0.53125, 0.5234375, 0.4990234375, 0.4534505208333333, 0.3665364583333333], [0.4423828125, 0.546875, 0.5794270833333334, 0.6015625, 0.6315104166666666, 0.6536458333333334, 0.6783854166666666, 0.7096354166666666, 0.7428385416666666, 0.783203125, 0.8365885416666666, 0.876953125, 0.9134114583333334, 0.951171875, 0.9986979166666666, 0.9518229166666666, 0.9153645833333334, 0.884765625, 0.85546875, 0.82421875, 0.79296875, 0.76171875, 0.703125, 0.6803385416666666, 0.658203125, 0.6380208333333334, 0.576171875, 0.552734375, 0.541015625, 0.5126953125, 0.4602864583333333, 0.3743489583333333], [0.423828125, 0.5279947916666666, 0.55859375, 0.5807291666666666, 0.6106770833333334, 0.6328125, 0.6555989583333334, 0.6842447916666666, 0.71484375, 0.7513020833333334, 0.80078125, 0.8404947916666666, 0.873046875, 0.9108072916666666, 0.9518229166666666, 1.0006510416666667, 0.9602864583333334, 0.9283854166666666, 0.8971354166666666, 0.8665364583333334, 0.8333333333333334, 0.8014322916666666, 0.7421875, 0.7180989583333334, 0.6946614583333334, 0.6705729166666666, 0.6100260416666666, 0.58203125, 0.56640625, 0.5319010416666666, 0.4736328125, 0.3893229166666667], [0.4114583333333333, 0.513671875, 0.544921875, 0.5631510416666666, 0.5924479166666666, 0.6126302083333334, 0.6341145833333334, 0.6608072916666666, 0.6888020833333334, 0.724609375, 0.7708333333333334, 0.80859375, 0.83984375, 0.8763020833333334, 0.9153645833333334, 0.9602864583333334, 1.0013020833333333, 0.9713541666666666, 0.9427083333333334, 0.91015625, 0.8763020833333334, 0.8424479166666666, 0.787109375, 0.7591145833333334, 0.7337239583333334, 0.7063802083333334, 0.650390625, 0.6217447916666666, 0.599609375, 0.5572916666666666, 0.4892578125, 0.404296875], [0.3981119791666667, 0.4996744791666667, 0.5286458333333334, 0.548828125, 0.576171875, 0.5970052083333334, 0.6171875, 0.6419270833333334, 0.6692708333333334, 0.703125, 0.7473958333333334, 0.7819010416666666, 0.8118489583333334, 0.8470052083333334, 0.884765625, 0.9283854166666666, 0.9713541666666666, 1.0006510416666667, 0.9700520833333334, 0.9368489583333334, 0.9029947916666666, 0.8684895833333334, 0.8151041666666666, 0.7858072916666666, 0.7584635416666666, 0.7311197916666666, 0.6744791666666666, 0.642578125, 0.62109375, 0.57421875, 0.5045572916666666, 0.4150390625], [0.3889973958333333, 0.4905598958333333, 0.51953125, 0.537109375, 0.5651041666666666, 0.5833333333333334, 0.603515625, 0.626953125, 0.6536458333333334, 0.685546875, 0.728515625, 0.7584635416666666, 0.7864583333333334, 0.8209635416666666, 0.85546875, 0.8971354166666666, 0.9427083333333334, 0.9700520833333334, 0.9986979166666666, 0.966796875, 0.93359375, 0.896484375, 0.8444010416666666, 0.8138020833333334, 0.7858072916666666, 0.7565104166666666, 0.7024739583333334, 0.6686197916666666, 0.6451822916666666, 0.595703125, 0.5221354166666666, 0.4267578125], [0.3743489583333333, 0.4742838541666667, 0.5032552083333334, 0.5201822916666666, 0.548828125, 0.5657552083333334, 0.5852864583333334, 0.607421875, 0.6321614583333334, 0.662109375, 0.7037760416666666, 0.732421875, 0.759765625, 0.7923177083333334, 0.82421875, 0.8665364583333334, 0.91015625, 0.9368489583333334, 0.966796875, 0.9993489583333334, 0.9654947916666666, 0.9270833333333334, 0.8743489583333334, 0.8444010416666666, 0.814453125, 0.783203125, 0.73046875, 0.6959635416666666, 0.6686197916666666, 0.615234375, 0.5384114583333334, 0.4427083333333333], [0.359375, 0.4573567708333333, 0.486328125, 0.5035807291666666, 0.5299479166666666, 0.546875, 0.5651041666666666, 0.5865885416666666, 0.6100260416666666, 0.6399739583333334, 0.6790364583333334, 0.7044270833333334, 0.7298177083333334, 0.76171875, 0.79296875, 0.8333333333333334, 0.8763020833333334, 0.9029947916666666, 0.93359375, 0.9654947916666666, 1.0013020833333333, 0.9615885416666666, 0.91015625, 0.8776041666666666, 0.8463541666666666, 0.814453125, 0.7604166666666666, 0.7252604166666666, 0.6966145833333334, 0.6399739583333334, 0.5598958333333334, 0.4606119791666667], [0.3479817708333333, 0.4466145833333333, 0.4752604166666667, 0.4931640625, 0.5208333333333334, 0.5377604166666666, 0.5572916666666666, 0.576171875, 0.59765625, 0.623046875, 0.6575520833333334, 0.6803385416666666, 0.7037760416666666, 0.7337239583333334, 0.76171875, 0.8014322916666666, 0.8424479166666666, 0.8684895833333334, 0.896484375, 0.9270833333333334, 0.9615885416666666, 1.0013020833333333, 0.9453125, 0.9134114583333334, 0.8821614583333334, 0.8483072916666666, 0.7884114583333334, 0.7513020833333334, 0.7200520833333334, 0.666015625, 0.5852864583333334, 0.4827473958333333], [0.3138020833333333, 0.3919270833333333, 0.4137369791666667, 0.4248046875, 0.4453125, 0.4576822916666667, 0.4752604166666667, 0.4957682291666667, 0.51953125, 0.5481770833333334, 0.5911458333333334, 0.6204427083333334, 0.6432291666666666, 0.673828125, 0.703125, 0.7421875, 0.787109375, 0.8151041666666666, 0.8444010416666666, 0.8743489583333334, 0.91015625, 0.9453125, 0.998046875, 0.9609375, 0.923828125, 0.88671875, 0.8444010416666666, 0.8033854166666666, 0.7591145833333334, 0.685546875, 0.5859375, 0.4860026041666667], [0.3053385416666667, 0.3844401041666667, 0.4065755208333333, 0.4195963541666667, 0.4410807291666667, 0.4537760416666667, 0.4703776041666667, 0.4899088541666667, 0.5110677083333334, 0.537109375, 0.5768229166666666, 0.6022135416666666, 0.6243489583333334, 0.6529947916666666, 0.6803385416666666, 0.7180989583333334, 0.7591145833333334, 0.7858072916666666, 0.8138020833333334, 0.8444010416666666, 0.8776041666666666, 0.9134114583333334, 0.9609375, 1.0, 0.9609375, 0.923828125, 0.8776041666666666, 0.83203125, 0.7897135416666666, 0.7161458333333334, 0.6165364583333334, 0.5149739583333334], [0.3011067708333333, 0.3831380208333333, 0.4069010416666667, 0.4205729166666667, 0.4427083333333333, 0.4547526041666667, 0.470703125, 0.4873046875, 0.5074869791666666, 0.5299479166666666, 0.5651041666666666, 0.5859375, 0.6067708333333334, 0.6341145833333334, 0.658203125, 0.6946614583333334, 0.7337239583333334, 0.7584635416666666, 0.7858072916666666, 0.814453125, 0.8463541666666666, 0.8821614583333334, 0.923828125, 0.9609375, 1.0, 0.962890625, 0.9088541666666666, 0.865234375, 0.822265625, 0.751953125, 0.65234375, 0.537109375], [0.2955729166666667, 0.3795572916666667, 0.4039713541666667, 0.4182942708333333, 0.4401041666666667, 0.4524739583333333, 0.4680989583333333, 0.482421875, 0.4986979166666667, 0.5208333333333334, 0.5514322916666666, 0.5690104166666666, 0.58984375, 0.615234375, 0.6380208333333334, 0.6705729166666666, 0.7063802083333334, 0.7311197916666666, 0.7565104166666666, 0.783203125, 0.814453125, 0.8483072916666666, 0.88671875, 0.923828125, 0.962890625, 0.9986979166666666, 0.9407552083333334, 0.8971354166666666, 0.8561197916666666, 0.787109375, 0.6881510416666666, 0.5651041666666666], [0.2529296875, 0.3118489583333333, 0.3271484375, 0.3333333333333333, 0.3483072916666667, 0.3561197916666667, 0.3694661458333333, 0.3870442708333333, 0.4095052083333333, 0.4358723958333333, 0.478515625, 0.5055338541666666, 0.5266927083333334, 0.5514322916666666, 0.576171875, 0.6100260416666666, 0.650390625, 0.6744791666666666, 0.7024739583333334, 0.73046875, 0.7604166666666666, 0.7884114583333334, 0.8444010416666666, 0.8776041666666666, 0.9088541666666666, 0.9407552083333334, 1.0006510416666667, 0.9524739583333334, 0.89453125, 0.7994791666666666, 0.677734375, 0.58203125], [0.24869791666666666, 0.3092447916666667, 0.3245442708333333, 0.3297526041666667, 0.3450520833333333, 0.3509114583333333, 0.3636067708333333, 0.3792317708333333, 0.4000651041666667, 0.4231770833333333, 0.462890625, 0.4860026041666667, 0.5065104166666666, 0.53125, 0.552734375, 0.58203125, 0.6217447916666666, 0.642578125, 0.6686197916666666, 0.6959635416666666, 0.7252604166666666, 0.7513020833333334, 0.8033854166666666, 0.83203125, 0.865234375, 0.8971354166666666, 0.9524739583333334, 0.9993489583333334, 0.943359375, 0.8489583333333334, 0.7259114583333334, 0.6197916666666666], [0.25830078125, 0.3274739583333333, 0.3453776041666667, 0.3544921875, 0.3704427083333333, 0.3763020833333333, 0.390625, 0.4007161458333333, 0.4163411458333333, 0.4358723958333333, 0.4658203125, 0.48046875, 0.5003255208333334, 0.5234375, 0.541015625, 0.56640625, 0.599609375, 0.62109375, 0.6451822916666666, 0.6686197916666666, 0.6966145833333334, 0.7200520833333334, 0.7591145833333334, 0.7897135416666666, 0.822265625, 0.8561197916666666, 0.89453125, 0.943359375, 0.998046875, 0.9153645833333334, 0.80078125, 0.6731770833333334], [0.265625, 0.3447265625, 0.3668619791666667, 0.3802083333333333, 0.3981119791666667, 0.4049479166666667, 0.4189453125, 0.423828125, 0.43359375, 0.4459635416666667, 0.4599609375, 0.4606119791666667, 0.478515625, 0.4990234375, 0.5126953125, 0.5319010416666666, 0.5572916666666666, 0.57421875, 0.595703125, 0.615234375, 0.6399739583333334, 0.666015625, 0.685546875, 0.7161458333333334, 0.751953125, 0.787109375, 0.7994791666666666, 0.8489583333333334, 0.9153645833333334, 0.9986979166666666, 0.9055989583333334, 0.7454427083333334], [0.2560221354166667, 0.3382161458333333, 0.3645833333333333, 0.3824869791666667, 0.40234375, 0.4114583333333333, 0.4248046875, 0.4254557291666667, 0.4293619791666667, 0.4342447916666667, 0.4329427083333333, 0.4212239583333333, 0.4361979166666667, 0.4534505208333333, 0.4602864583333333, 0.4736328125, 0.4892578125, 0.5045572916666666, 0.5221354166666666, 0.5384114583333334, 0.5598958333333334, 0.5852864583333334, 0.5859375, 0.6165364583333334, 0.65234375, 0.6881510416666666, 0.677734375, 0.7259114583333334, 0.80078125, 0.9055989583333334, 0.9986979166666666, 0.8352864583333334], [0.19759114583333334, 0.24088541666666666, 0.2589518229166667, 0.2713216145833333, 0.2867838541666667, 0.2981770833333333, 0.3056640625, 0.3102213541666667, 0.3173828125, 0.328125, 0.3401692708333333, 0.3447265625, 0.3548177083333333, 0.3665364583333333, 0.3743489583333333, 0.3893229166666667, 0.404296875, 0.4150390625, 0.4267578125, 0.4427083333333333, 0.4606119791666667, 0.4827473958333333, 0.4860026041666667, 0.5149739583333334, 0.537109375, 0.5651041666666666, 0.58203125, 0.6197916666666666, 0.6731770833333334, 0.7454427083333334, 0.8352864583333334, 1.0]], "count": 6}