{"accumulated_matrix": [[6386.12890625, 4981.77734375, 4494.3447265625, 4378.099609375, 4321.806640625, 4181.751953125, 4044.912109375, 3745.7734375, 3282.6640625, 2704.2421875, 2086.6044921875, 1480.2198486328125, 1048.8578491210938, 924.0203056335449, 706.3853187561035, 637.1410284042358, 575.4880056381226, 578.7797355651855, 625.8919172286987, 742.1583251953125, 936.0107421875, 1070.64892578125, 1206.660400390625, 1355.311279296875, 1546.4072265625, 1634.23681640625, 1397.8642578125, 1374.6239013671875, 1473.931640625, 1590.0380859375, 1665.0009765625, -19.48523724079132], [4981.77734375, 6385.953125, 5700.482421875, 5416.671875, 5238.5546875, 5037.44140625, 4851.60546875, 4517.01953125, 3987.91796875, 3319.89453125, 2627.779296875, 1961.41015625, 1478.3994140625, 1318.22314453125, 1052.465087890625, 951.498046875, 884.8759765625, 872.35400390625, 901.52001953125, 1012.469482421875, 1211.58251953125, 1347.05712890625, 1478.91845703125, 1624.075439453125, 1820.380859375, 1901.03173828125, 1631.2392578125, 1596.118896484375, 1682.89306640625, 1789.74609375, 1820.57958984375, -71.53704357147217], [4494.3447265625, 5700.482421875, 6387.00390625, 6028.24609375, 5742.91015625, 5478.05859375, 5252.43359375, 4883.37890625, 4307.619140625, 3591.27734375, 2850.130859375, 2151.041015625, 1631.3974609375, 1455.1943359375, 1174.231689453125, 1062.465087890625, 977.226318359375, 958.244873046875, 983.845458984375, 1096.0751953125, 1298.30419921875, 1430.26904296875, 1566.4775390625, 1717.22705078125, 1918.1953125, 1997.6796875, 1712.41357421875, 1676.37548828125, 1758.248046875, 1867.8671875, 1907.4921875, -44.081706523895264], [4378.099609375, 5416.671875, 6028.24609375, 6386.43359375, 6100.015625, 5819.85546875, 5585.53125, 5191.9296875, 4574.8671875, 3811.529296875, 3020.943359375, 2273.3076171875, 1718.703125, 1531.85888671875, 1233.91064453125, 1115.65234375, 1022.032958984375, 1001.245849609375, 1031.357177734375, 1153.02587890625, 1370.4931640625, 1512.5166015625, 1662.68017578125, 1824.07421875, 2040.43115234375, 2127.046875, 1820.64453125, 1783.255859375, 1873.205078125, 1995.83837890625, 2052.0654296875, -29.09908413887024], [4321.806640625, 5238.5546875, 5742.91015625, 6100.015625, 6387.1640625, 6130.51953125, 5902.66015625, 5499.171875, 4851.89453125, 4050.10546875, 3207.775390625, 2414.705078125, 1825.89013671875, 1631.83837890625, 1316.644287109375, 1187.818603515625, 1086.363037109375, 1061.14697265625, 1092.32666015625, 1224.97802734375, 1456.693359375, 1608.685546875, 1767.462890625, 1939.8349609375, 2171.14794921875, 2265.5869140625, 1938.4482421875, 1897.7490234375, 1996.869140625, 2131.01904296875, 2198.921875, -20.342425107955933], [4181.751953125, 5037.44140625, 5478.05859375, 5819.85546875, 6130.51953125, 6387.2109375, 6167.45703125, 5782.90625, 5116.94921875, 4305.08203125, 3420.98046875, 2596.638671875, 1985.79296875, 1774.3486328125, 1445.01025390625, 1305.5703125, 1191.6748046875, 1158.575439453125, 1183.97119140625, 1313.9189453125, 1545.3984375, 1696.505859375, 1853.89111328125, 2025.32177734375, 2258.27685546875, 2351.8017578125, 2015.21484375, 1970.04296875, 2067.56982421875, 2201.69921875, 2272.826171875, 11.256710767745972], [4044.912109375, 4851.60546875, 5252.43359375, 5585.53125, 5902.66015625, 6167.45703125, 6385.86328125, 6014.25390625, 5352.76171875, 4533.25, 3625.751953125, 2782.0078125, 2155.27734375, 1919.1376953125, 1571.59375, 1416.9169921875, 1288.19775390625, 1244.25537109375, 1259.47314453125, 1379.251953125, 1598.8994140625, 1742.2216796875, 1889.6708984375, 2052.853515625, 2278.09716796875, 2366.6259765625, 2034.0078125, 1983.77783203125, 2075.04931640625, 2203.4208984375, 2269.953125, 42.311949253082275], [3745.7734375, 4517.01953125, 4883.37890625, 5191.9296875, 5499.171875, 5782.90625, 6014.25390625, 6387.24609375, 5759.53515625, 4947.03515625, 4001.748046875, 3149.052734375, 2495.7421875, 2213.2763671875, 1837.9072265625, 1653.587890625, 1501.6279296875, 1431.751953125, 1419.12109375, 1506.5302734375, 1690.3837890625, 1805.998046875, 1925.7373046875, 2062.3359375, 2259.3095703125, 2329.6025390625, 2014.79345703125, 1956.87890625, 2030.5888671875, 2136.6484375, 2186.1650390625, 116.43536949157715], [3282.6640625, 3987.91796875, 4307.619140625, 4574.8671875, 4851.89453125, 5116.94921875, 5352.76171875, 5759.53515625, 6386.08984375, 5613.7265625, 4621.109375, 3735.71484375, 3037.794921875, 2674.107421875, 2264.57421875, 2023.7431640625, 1828.7314453125, 1718.390625, 1664.841796875, 1698.0498046875, 1818.0205078125, 1887.8916015625, 1960.794921875, 2053.49609375, 2200.3916015625, 2240.3203125, 1960.5244140625, 1893.81787109375, 1935.44482421875, 2001.1318359375, 2018.8017578125, 246.896235704422], [2704.2421875, 3319.89453125, 3591.27734375, 3811.529296875, 4050.10546875, 4305.08203125, 4533.25, 4947.03515625, 5613.7265625, 6385.1328125, 5366.8359375, 4462.57421875, 3706.369140625, 3257.77734375, 2808.984375, 2506.138671875, 2254.91796875, 2102.7353515625, 1996.9541015625, 1963.484375, 2001.626953125, 2011.224609375, 2024.341796875, 2058.4619140625, 2142.8388671875, 2145.0546875, 1909.4462890625, 1828.62646484375, 1828.3125, 1846.1650390625, 1821.09765625, 423.0026693344116], [2086.6044921875, 2627.779296875, 2850.130859375, 3020.943359375, 3207.775390625, 3420.98046875, 3625.751953125, 4001.748046875, 4621.109375, 5366.8359375, 6386.05859375, 5427.609375, 4587.328125, 4015.33984375, 3498.896484375, 3113.076171875, 2793.25, 2582.3046875, 2412.974609375, 2300.345703125, 2248.48828125, 2194.27734375, 2141.0634765625, 2113.73046875, 2127.767578125, 2089.9599609375, 1897.125, 1798.416015625, 1750.8935546875, 1710.3974609375, 1639.939453125, 609.887529373169], [1480.2198486328125, 1961.41015625, 2151.041015625, 2273.3076171875, 2414.705078125, 2596.638671875, 2782.0078125, 3149.052734375, 3735.71484375, 4462.57421875, 5427.609375, 6387.44140625, 5463.140625, 4780.9765625, 4200.91015625, 3734.1875, 3353.484375, 3087.56640625, 2852.32421875, 2663.705078125, 2523.9453125, 2403.98046875, 2283.13671875, 2190.357421875, 2133.083984375, 2053.8955078125, 1904.1171875, 1792.75390625, 1696.22265625, 1600.0166015625, 1480.228515625, 834.429931640625], [1048.8578491210938, 1478.3994140625, 1631.3974609375, 1718.703125, 1825.89013671875, 1985.79296875, 2155.27734375, 2495.7421875, 3037.794921875, 3706.369140625, 4587.328125, 5463.140625, 6388.62109375, 5582.54296875, 4937.66015625, 4385.41796875, 3930.94140625, 3605.505859375, 3310.8125, 3051.341796875, 2843.568359375, 2670.794921875, 2494.595703125, 2349.62890625, 2233.62890625, 2118.95703125, 1993.3681640625, 1867.283203125, 1734.9462890625, 1594.1337890625, 1438.1103515625, 1041.6546630859375], [924.0203056335449, 1318.22314453125, 1455.1943359375, 1531.85888671875, 1631.83837890625, 1774.3486328125, 1919.1376953125, 2213.2763671875, 2674.107421875, 3257.77734375, 4015.33984375, 4780.9765625, 5582.54296875, 6387.359375, 5653.22265625, 5037.18359375, 4506.515625, 4127.69921875, 3788.33984375, 3485.083984375, 3236.498046875, 3029.7890625, 2823.32421875, 2652.388671875, 2508.068359375, 2372.220703125, 2238.970703125, 2097.4580078125, 1942.6904296875, 1774.9921875, 1600.0009765625, 1227.8876953125], [706.3853187561035, 1052.465087890625, 1174.231689453125, 1233.91064453125, 1316.644287109375, 1445.01025390625, 1571.59375, 1837.9072265625, 2264.57421875, 2808.984375, 3498.896484375, 4200.91015625, 4937.66015625, 5653.22265625, 6387.02734375, 5694.59375, 5098.82421875, 4668.2421875, 4281.2265625, 3924.1328125, 3620.943359375, 3369.775390625, 3120.892578125, 2912.28515625, 2728.80859375, 2567.2734375, 2445.001953125, 2285.08203125, 2102.140625, 1902.4599609375, 1695.712890625, 1442.611328125], [637.1410284042358, 951.498046875, 1062.465087890625, 1115.65234375, 1187.818603515625, 1305.5703125, 1416.9169921875, 1653.587890625, 2023.7431640625, 2506.138671875, 3113.076171875, 3734.1875, 4385.41796875, 5037.18359375, 5694.59375, 6386.76171875, 5728.3984375, 5251.6484375, 4822.80859375, 4419.2578125, 4081.08203125, 3796.1015625, 3516.802734375, 3276.61328125, 3063.5390625, 2879.978515625, 2747.341796875, 2565.578125, 2357.451171875, 2128.9970703125, 1901.642578125, 1653.90625], [575.4880056381226, 884.8759765625, 977.226318359375, 1022.032958984375, 1086.363037109375, 1191.6748046875, 1288.19775390625, 1501.6279296875, 1828.7314453125, 2254.91796875, 2793.25, 3353.484375, 3930.94140625, 4506.515625, 5098.82421875, 5728.3984375, 6385.87109375, 5872.28515625, 5400.0546875, 4949.70703125, 4569.5234375, 4250.04296875, 3935.5078125, 3663.03125, 3417.974609375, 3210.28125, 3070.359375, 2866.45703125, 2631.287109375, 2373.947265625, 2114.640625, 1876.4365234375], [578.7797355651855, 872.35400390625, 958.244873046875, 1001.245849609375, 1061.14697265625, 1158.575439453125, 1244.25537109375, 1431.751953125, 1718.390625, 2102.7353515625, 2582.3046875, 3087.56640625, 3605.505859375, 4127.69921875, 4668.2421875, 5251.6484375, 5872.28515625, 6385.08203125, 5886.55078125, 5406.09765625, 5000.43359375, 4656.15625, 4318.28515625, 4022.08984375, 3757.205078125, 3531.982421875, 3380.890625, 3159.025390625, 2904.291015625, 2627.3359375, 2349.08984375, 2083.3046875], [625.8919172286987, 901.52001953125, 983.845458984375, 1031.357177734375, 1092.32666015625, 1183.97119140625, 1259.47314453125, 1419.12109375, 1664.841796875, 1996.9541015625, 2412.974609375, 2852.32421875, 3310.8125, 3788.33984375, 4281.2265625, 4822.80859375, 5400.0546875, 5886.55078125, 6385.37890625, 5877.296875, 5450.71875, 5082.48046875, 4725.74609375, 4409.60546875, 4126.28515625, 3885.78515625, 3719.2421875, 3479.658203125, 3205.1953125, 2908.818359375, 2611.359375, 2288.71484375], [742.1583251953125, 1012.469482421875, 1096.0751953125, 1153.02587890625, 1224.97802734375, 1313.9189453125, 1379.251953125, 1506.5302734375, 1698.0498046875, 1963.484375, 2300.345703125, 2663.705078125, 3051.341796875, 3485.083984375, 3924.1328125, 4419.2578125, 4949.70703125, 5406.09765625, 5877.296875, 6388.0078125, 5951.23046875, 5567.16796875, 5195.4296875, 4865.3359375, 4569.3515625, 4316.06640625, 4121.48046875, 3860.38671875, 3568.1015625, 3258.173828125, 2947.08984375, 2507.21484375], [936.0107421875, 1211.58251953125, 1298.30419921875, 1370.4931640625, 1456.693359375, 1545.3984375, 1598.8994140625, 1690.3837890625, 1818.0205078125, 2001.626953125, 2248.48828125, 2523.9453125, 2843.568359375, 3236.498046875, 3620.943359375, 4081.08203125, 4569.5234375, 5000.43359375, 5450.71875, 5951.23046875, 6389.42578125, 5999.87890625, 5624.78125, 5290.53515625, 4995.046875, 4734.66796875, 4505.71875, 4228.1640625, 3926.27734375, 3610.142578125, 3292.671875, 2686.01171875], [1070.64892578125, 1347.05712890625, 1430.26904296875, 1512.5166015625, 1608.685546875, 1696.505859375, 1742.2216796875, 1805.998046875, 1887.8916015625, 2011.224609375, 2194.27734375, 2403.98046875, 2670.794921875, 3029.7890625, 3369.775390625, 3796.1015625, 4250.04296875, 4656.15625, 5082.48046875, 5567.16796875, 5999.87890625, 6388.40625, 6006.35546875, 5666.18359375, 5368.15625, 5100.03515625, 4845.6796875, 4552.48046875, 4239.79296875, 3914.26171875, 3588.943359375, 2869.0078125], [1206.660400390625, 1478.91845703125, 1566.4775390625, 1662.68017578125, 1767.462890625, 1853.89111328125, 1889.6708984375, 1925.7373046875, 1960.794921875, 2024.341796875, 2141.0634765625, 2283.13671875, 2494.595703125, 2823.32421875, 3120.892578125, 3516.802734375, 3935.5078125, 4318.28515625, 4725.74609375, 5195.4296875, 5624.78125, 6006.35546875, 6387.96875, 6046.03125, 5747.28125, 5473.52734375, 5198.2890625, 4892.7890625, 4572.46484375, 4239.390625, 3906.9921875, 3054.275390625], [1355.311279296875, 1624.075439453125, 1717.22705078125, 1824.07421875, 1939.8349609375, 2025.32177734375, 2052.853515625, 2062.3359375, 2053.49609375, 2058.4619140625, 2113.73046875, 2190.357421875, 2349.62890625, 2652.388671875, 2912.28515625, 3276.61328125, 3663.03125, 4022.08984375, 4409.60546875, 4865.3359375, 5290.53515625, 5666.18359375, 6046.03125, 6387.43359375, 6092.5703125, 5815.421875, 5517.1953125, 5200.35546875, 4873.98828125, 4536.12109375, 4205.48828125, 3225.1328125], [1546.4072265625, 1820.380859375, 1918.1953125, 2040.43115234375, 2171.14794921875, 2258.27685546875, 2278.09716796875, 2259.3095703125, 2200.3916015625, 2142.8388671875, 2127.767578125, 2133.083984375, 2233.62890625, 2508.068359375, 2728.80859375, 3063.5390625, 3417.974609375, 3757.205078125, 4126.28515625, 4569.3515625, 4995.046875, 5368.15625, 5747.28125, 6092.5703125, 6386.24609375, 6114.3046875, 5791.51953125, 5467.38671875, 5143.03515625, 4809.73828125, 4483.68359375, 3344.76171875], [1634.23681640625, 1901.03173828125, 1997.6796875, 2127.046875, 2265.5869140625, 2351.8017578125, 2366.6259765625, 2329.6025390625, 2240.3203125, 2145.0546875, 2089.9599609375, 2053.8955078125, 2118.95703125, 2372.220703125, 2567.2734375, 2879.978515625, 3210.28125, 3531.982421875, 3885.78515625, 4316.06640625, 4734.66796875, 5100.03515625, 5473.52734375, 5815.421875, 6114.3046875, 6386.46875, 6053.3828125, 5721.4921875, 5393.38671875, 5055.51953125, 4728.03515625, 3521.876953125], [1397.8642578125, 1631.2392578125, 1712.41357421875, 1820.64453125, 1938.4482421875, 2015.21484375, 2034.0078125, 2014.79345703125, 1960.5244140625, 1909.4462890625, 1897.125, 1904.1171875, 1993.3681640625, 2238.970703125, 2445.001953125, 2747.341796875, 3070.359375, 3380.890625, 3719.2421875, 4121.48046875, 4505.71875, 4845.6796875, 5198.2890625, 5517.1953125, 5791.51953125, 6053.3828125, 6385.8515625, 6037.4609375, 5668.75, 5283.77734375, 4916.90234375, 3907.365234375], [1374.6239013671875, 1596.118896484375, 1676.37548828125, 1783.255859375, 1897.7490234375, 1970.04296875, 1983.77783203125, 1956.87890625, 1893.81787109375, 1828.62646484375, 1798.416015625, 1792.75390625, 1867.283203125, 2097.4580078125, 2285.08203125, 2565.578125, 2866.45703125, 3159.025390625, 3479.658203125, 3860.38671875, 4228.1640625, 4552.48046875, 4892.7890625, 5200.35546875, 5467.38671875, 5721.4921875, 6037.4609375, 6385.1875, 6002.6484375, 5597.46875, 5216.41796875, 4221.826171875], [1473.931640625, 1682.89306640625, 1758.248046875, 1873.205078125, 1996.869140625, 2067.56982421875, 2075.04931640625, 2030.5888671875, 1935.44482421875, 1828.3125, 1750.8935546875, 1696.22265625, 1734.9462890625, 1942.6904296875, 2102.140625, 2357.451171875, 2631.287109375, 2904.291015625, 3205.1953125, 3568.1015625, 3926.27734375, 4239.79296875, 4572.46484375, 4873.98828125, 5143.03515625, 5393.38671875, 5668.75, 6002.6484375, 6385.0390625, 5984.2109375, 5606.1796875, 4538.83984375], [1590.0380859375, 1789.74609375, 1867.8671875, 1995.83837890625, 2131.01904296875, 2201.69921875, 2203.4208984375, 2136.6484375, 2001.1318359375, 1846.1650390625, 1710.3974609375, 1600.0166015625, 1594.1337890625, 1774.9921875, 1902.4599609375, 2128.9970703125, 2373.947265625, 2627.3359375, 2908.818359375, 3258.173828125, 3610.142578125, 3914.26171875, 4239.390625, 4536.12109375, 4809.73828125, 5055.51953125, 5283.77734375, 5597.46875, 5984.2109375, 6388.15234375, 6029.2265625, 4869.62109375], [1665.0009765625, 1820.57958984375, 1907.4921875, 2052.0654296875, 2198.921875, 2272.826171875, 2269.953125, 2186.1650390625, 2018.8017578125, 1821.09765625, 1639.939453125, 1480.228515625, 1438.1103515625, 1600.0009765625, 1695.712890625, 1901.642578125, 2114.640625, 2349.08984375, 2611.359375, 2947.08984375, 3292.671875, 3588.943359375, 3906.9921875, 4205.48828125, 4483.68359375, 4728.03515625, 4916.90234375, 5216.41796875, 5606.1796875, 6029.2265625, 6388.265625, 5199.55078125], [-19.48523724079132, -71.53704357147217, -44.081706523895264, -29.09908413887024, -20.342425107955933, 11.256710767745972, 42.311949253082275, 116.43536949157715, 246.896235704422, 423.0026693344116, 609.887529373169, 834.429931640625, 1041.6546630859375, 1227.8876953125, 1442.611328125, 1653.90625, 1876.4365234375, 2083.3046875, 2288.71484375, 2507.21484375, 2686.01171875, 2869.0078125, 3054.275390625, 3225.1328125, 3344.76171875, 3521.876953125, 3907.365234375, 4221.826171875, 4538.83984375, 4869.62109375, 5199.55078125, 6388.51171875]], "average_matrix": [[0.9997070923998121, 0.7798649567548529, 0.7035605395370226, 0.6853631198144959, 0.6765508203858798, 0.6546261667384158, 0.633204776044928, 0.586376555651221, 0.5138797843613024, 0.42333158852536007, 0.3266444101733719, 0.23171882414414724, 0.16419189873529957, 0.14464939036217048, 0.11058004363746142, 0.09974029874831494, 0.09008891760145939, 0.09060421658816305, 0.09797932329816825, 0.11618007595418167, 0.1465264154958516, 0.16760315056062147, 0.18889486543372339, 0.2121651971347644, 0.2420800292051503, 0.25582918228025203, 0.2188265901397151, 0.2151884629566668, 0.2307344459337821, 0.24891015747299625, 0.2606451121732154, -0.0030502876081389043], [0.7798649567548529, 0.9996795749843457, 0.8923735788783657, 0.8479448771133375, 0.8200617857701941, 0.788578804985911, 0.7594873933547276, 0.7071101332576706, 0.6242827127035065, 0.519707972957107, 0.41136181854649345, 0.30704604825453974, 0.23143384691022229, 0.20635929000176112, 0.16475658858650985, 0.14895085267298058, 0.13852159933664684, 0.13656136567098465, 0.14112711639499845, 0.15849553575796416, 0.18966539128541798, 0.21087306338544928, 0.23151509972311365, 0.25423848457312537, 0.28496882582576705, 0.29759419822812305, 0.255359933909283, 0.24986206895497418, 0.26344600288137915, 0.28017315180807767, 0.2849999357926972, -0.01119866054656734], [0.7035605395370226, 0.8923735788783657, 0.9998440679790231, 0.9436828575062617, 0.8990153657247965, 0.8575545700923607, 0.8222344385958046, 0.7644613190748278, 0.6743298592086725, 0.5621911934486538, 0.4461695146172511, 0.3367315303107389, 0.25538469958320287, 0.2278012423195836, 0.18381836090374531, 0.16632202377749294, 0.15297844683146133, 0.15000702458467047, 0.15401463039830543, 0.17158346827058546, 0.2032411082058156, 0.22389934924369911, 0.24522190655330306, 0.26882076562010804, 0.3002810445366312, 0.3127238083124609, 0.268067247059917, 0.2624257182656935, 0.27524233670554166, 0.29240250273951157, 0.2986055396837821, -0.006900705467109465], [0.6853631198144959, 0.8479448771133375, 0.9436828575062617, 0.9997547892532874, 0.9549179124921728, 0.9110606557216656, 0.8743787179085786, 0.8127629441922355, 0.7161658089386349, 0.5966702092791171, 0.47290910447323103, 0.3558715743875235, 0.2690518354727614, 0.23980258088897152, 0.1931607145477849, 0.1746481439809017, 0.1599926360338721, 0.15673854878042814, 0.16145228204983955, 0.18049872869540545, 0.21454182280252035, 0.23677467150320913, 0.26028180585179245, 0.2855469972996243, 0.31941627306570913, 0.3329754030995617, 0.2850101019489668, 0.2791571476792423, 0.29323811492251095, 0.31243556338544926, 0.3212375437832655, -0.0045552730336365435], [0.6765508203858798, 0.8200617857701941, 0.8990153657247965, 0.9549179124921728, 0.9998691394020037, 0.9596931013227927, 0.9240231929007514, 0.8608597174389481, 0.759532644215717, 0.6340177627974327, 0.5021564481253914, 0.3780064305142455, 0.2858312674888463, 0.2554537224336647, 0.20611213010478632, 0.18594530424477537, 0.17006309284742877, 0.1661156813801268, 0.17099665938576236, 0.19176237121849563, 0.2280359047237007, 0.25182929663040077, 0.2766848607741077, 0.30366859125508766, 0.33987914045378054, 0.35466294835042267, 0.30345150942196303, 0.2970803104942862, 0.31259692245225423, 0.3335972202518394, 0.34422696853475265, -0.003184474813393227], [0.6546261667384158, 0.788578804985911, 0.8575545700923607, 0.9110606557216656, 0.9596931013227927, 0.9998764773794615, 0.9654754275594866, 0.9052764949906074, 0.8010252377504696, 0.6739326911787727, 0.5355323213447089, 0.40648695552207265, 0.310863019528804, 0.27776277908774266, 0.22620699027962587, 0.20437857114902944, 0.1865489675465717, 0.18136747643286238, 0.18534301681375234, 0.2056854955091578, 0.24192210981527865, 0.265576997397464, 0.2902146388981293, 0.31705099833183314, 0.3535186060533422, 0.36815932338955853, 0.31546882337977455, 0.30839745910300564, 0.32366465626467594, 0.34466174369912334, 0.35579620724405137, 0.0017621651170547858], [0.633204776044928, 0.7594873933547276, 0.8222344385958046, 0.8743787179085786, 0.9240231929007514, 0.9654754275594866, 0.9996655105275517, 0.9414924712351284, 0.8379401563478397, 0.7096509079524108, 0.5675879701197558, 0.4355052931277395, 0.33739470002348154, 0.3004285684584377, 0.24602281621790859, 0.2218091722272229, 0.20165900969102224, 0.19478011444798843, 0.19716235825473544, 0.21591295446540387, 0.2502973409615686, 0.27273351278764874, 0.2958157323790701, 0.32136091352927365, 0.3566213475217204, 0.37047995876056666, 0.3184107408422041, 0.31054756293538666, 0.3248355222927755, 0.3449312614961647, 0.35534645037570445, 0.0066236614359865805], [0.586376555651221, 0.7071101332576706, 0.7644613190748278, 0.8127629441922355, 0.8608597174389481, 0.9052764949906074, 0.9414924712351284, 0.9998819808625548, 0.9016179017298059, 0.7744262924624296, 0.6264477218025987, 0.492963796865216, 0.39069226479336255, 0.3464740712566531, 0.28771246502230746, 0.2588584675367877, 0.23507012048958986, 0.2241314892180651, 0.22215421004226674, 0.23583755063204445, 0.26461862696657795, 0.2827172897424859, 0.30146169453467436, 0.32284532521916093, 0.3536802708692079, 0.3646841795652004, 0.3154028580199202, 0.30633671043362554, 0.31787552711138073, 0.33447846548215404, 0.34222996854453663, 0.01822720248772341], [0.5138797843613024, 0.6242827127035065, 0.6743298592086725, 0.7161658089386349, 0.759532644215717, 0.8010252377504696, 0.8379401563478397, 0.9016179017298059, 0.9997009774185974, 0.8787925113494052, 0.7234047237006888, 0.5848019479884158, 0.4755471073692862, 0.4186141862672198, 0.35450441746242956, 0.3168038766534909, 0.28627605593495614, 0.2690029156230432, 0.2606201936247652, 0.2658186920299781, 0.28459932808586413, 0.295537194984737, 0.30694973730040703, 0.3214615049702567, 0.3444570447029587, 0.3507076256261741, 0.3069073910554947, 0.296464914072284, 0.3029813438038118, 0.31326421977731683, 0.3160303315298215, 0.03865000558929587], [0.42333158852536007, 0.519707972957107, 0.5621911934486538, 0.5966702092791171, 0.6340177627974327, 0.6739326911787727, 0.7096509079524108, 0.7744262924624296, 0.8787925113494052, 0.9995511603788353, 0.8401433840795242, 0.6985870724405134, 0.5802080683508141, 0.5099839298293676, 0.439728299154665, 0.39231976704367566, 0.3529927941061365, 0.3291695916660144, 0.31261022253639636, 0.3073707537570445, 0.31334172716421416, 0.31484417804868503, 0.3168975887406074, 0.32223887195718537, 0.33544753713016595, 0.3357944094395742, 0.29891144161905137, 0.28625962192294147, 0.2862104727614277, 0.2890051720511115, 0.28508103573105825, 0.0662183264455873], [0.3266444101733719, 0.41136181854649345, 0.4461695146172511, 0.47290910447323103, 0.5021564481253914, 0.5355323213447089, 0.5675879701197558, 0.6264477218025987, 0.7234047237006888, 0.8401433840795242, 0.9996960854336255, 0.8496570718534753, 0.718116487946149, 0.6285754295162805, 0.5477295686247652, 0.48733189916640574, 0.43726518472135256, 0.40424306316530995, 0.3777355368464308, 0.3601042115098622, 0.35198626819818407, 0.3434998972683156, 0.3351696112339543, 0.33089080600344395, 0.3330882245029743, 0.3271696870597213, 0.2969826236693801, 0.28153037188869756, 0.27409103861732936, 0.2677516375919693, 0.2567218931003444, 0.09547394010224937], [0.23171882414414724, 0.30704604825453974, 0.3367315303107389, 0.3558715743875235, 0.3780064305142455, 0.40648695552207265, 0.4355052931277395, 0.492963796865216, 0.5848019479884158, 0.6985870724405134, 0.8496570718534753, 0.9999125557686287, 0.8552192587664371, 0.748430895820288, 0.6576252592752035, 0.5845628522229179, 0.5249662453036944, 0.48333851068409517, 0.4465128708124609, 0.4169857667697245, 0.39510728123043204, 0.37632756242172827, 0.3574102565356919, 0.3428862589034126, 0.3339204734463056, 0.3215240306531778, 0.2980772053068253, 0.28064400536161555, 0.26553266378365686, 0.2504722294243112, 0.23172018090560426, 0.13062459793998513], [0.16419189873529957, 0.23143384691022229, 0.25538469958320287, 0.2690518354727614, 0.2858312674888463, 0.310863019528804, 0.33739470002348154, 0.39069226479336255, 0.4755471073692862, 0.5802080683508141, 0.718116487946149, 0.8552192587664371, 1.000097228201315, 0.8739109218456481, 0.7729586969708829, 0.6865087615450846, 0.6153634011036319, 0.5644185753561365, 0.5182862398246713, 0.47766778285457107, 0.44514219777316844, 0.41809563586020665, 0.39051279009470885, 0.3678191775594865, 0.34966012934408264, 0.3317089904899812, 0.31204886726087977, 0.29231108377035064, 0.27159459753639636, 0.2495513132533657, 0.22512685528530058, 0.16306428664463643], [0.14464939036217048, 0.20635929000176112, 0.2278012423195836, 0.23980258088897152, 0.2554537224336647, 0.27776277908774266, 0.3004285684584377, 0.3464740712566531, 0.4186141862672198, 0.5099839298293676, 0.6285754295162805, 0.748430895820288, 0.8739109218456481, 0.9998997143080777, 0.8849753688556669, 0.7885384461098935, 0.7054658148090169, 0.6461645614824671, 0.5930400506809643, 0.5455673112672198, 0.5066527938126174, 0.47429384196931745, 0.4419731087586099, 0.4152142567118034, 0.39262184711568565, 0.37135577694505323, 0.3504963530252035, 0.32834345770389795, 0.3041155963818879, 0.2778635234032561, 0.2504697834318253, 0.19221786088173137], [0.11058004363746142, 0.16475658858650985, 0.18381836090374531, 0.1931607145477849, 0.20611213010478632, 0.22620699027962587, 0.24602281621790859, 0.28771246502230746, 0.35450441746242956, 0.439728299154665, 0.5477295686247652, 0.6576252592752035, 0.7729586969708829, 0.8849753688556669, 0.9998477369677521, 0.891451745460238, 0.7981878864668128, 0.7307830600344396, 0.670198272150908, 0.614297559877896, 0.5668352159322166, 0.5275164982193175, 0.4885555069074828, 0.45589936697714467, 0.42717730021133377, 0.4018900183938635, 0.38274920994442707, 0.35771478260018785, 0.3290764910770194, 0.2978177772287883, 0.265452863278804, 0.2258314539957733], [0.09974029874831494, 0.14895085267298058, 0.16632202377749294, 0.1746481439809017, 0.18594530424477537, 0.20437857114902944, 0.2218091722272229, 0.2588584675367877, 0.3168038766534909, 0.39231976704367566, 0.48733189916640574, 0.5845628522229179, 0.6865087615450846, 0.7885384461098935, 0.891451745460238, 0.9998061550954915, 0.8967436502035065, 0.8221115274733876, 0.7549794292031935, 0.6918061697714465, 0.6388669429007514, 0.5942550974483406, 0.5505326760136193, 0.5129325737711333, 0.4795771857388854, 0.45084197176346275, 0.43007855304868503, 0.40162462820914213, 0.36904370254774577, 0.33328069353670947, 0.29768982124686916, 0.2589083046336882], [0.09008891760145939, 0.13852159933664684, 0.15297844683146133, 0.1599926360338721, 0.17006309284742877, 0.1865489675465717, 0.20165900969102224, 0.23507012048958986, 0.28627605593495614, 0.3529927941061365, 0.43726518472135256, 0.5249662453036944, 0.6153634011036319, 0.7054658148090169, 0.7981878864668128, 0.8967436502035065, 0.9996667335237946, 0.9192681835081402, 0.8453435641045711, 0.7748445571775203, 0.7153292795084534, 0.6653166826471509, 0.6160782424076393, 0.5734238024420789, 0.5350617735402317, 0.5025487241703194, 0.4806448614589856, 0.44872527101596743, 0.41191094385958044, 0.3716260591147464, 0.33103328506574825, 0.29374397674350344], [0.09060421658816305, 0.13656136567098465, 0.15000702458467047, 0.15673854878042814, 0.1661156813801268, 0.18136747643286238, 0.19478011444798843, 0.2241314892180651, 0.2690029156230432, 0.3291695916660144, 0.40424306316530995, 0.48333851068409517, 0.5644185753561365, 0.6461645614824671, 0.7307830600344396, 0.8221115274733876, 0.9192681835081402, 0.9995432109032562, 0.921501374647777, 0.8462895516984972, 0.7827854717830307, 0.7288910848465874, 0.6759995548293676, 0.6296320982701941, 0.5881661049037258, 0.5529089577136819, 0.5292565161239825, 0.4945249515693488, 0.4546479360715404, 0.4112924135097057, 0.3677347908187226, 0.3261278471352536], [0.09797932329816825, 0.14112711639499845, 0.15401463039830543, 0.16145228204983955, 0.17099665938576236, 0.18534301681375234, 0.19716235825473544, 0.22215421004226674, 0.2606201936247652, 0.31261022253639636, 0.3777355368464308, 0.4465128708124609, 0.5182862398246713, 0.5930400506809643, 0.670198272150908, 0.7549794292031935, 0.8453435641045711, 0.921501374647777, 0.9995896847604884, 0.9200527355979963, 0.8532746947401377, 0.7956293783265498, 0.7397849238807138, 0.6902951579132749, 0.6459431991624922, 0.6082944828193487, 0.582223260410144, 0.5447179403764871, 0.5017525536161553, 0.45535666239433314, 0.4087913861928616, 0.35828347585316217], [0.11618007595418167, 0.15849553575796416, 0.17158346827058546, 0.18049872869540545, 0.19176237121849563, 0.2056854955091578, 0.21591295446540387, 0.23583755063204445, 0.2658186920299781, 0.3073707537570445, 0.3601042115098622, 0.4169857667697245, 0.47766778285457107, 0.5455673112672198, 0.614297559877896, 0.6918061697714465, 0.7748445571775203, 0.8462895516984972, 0.9200527355979963, 1.000001222996243, 0.931626560543206, 0.8715040652395116, 0.8133108465090795, 0.761636809251722, 0.7153023735911084, 0.6756522238963681, 0.6451910564730745, 0.6043185220335003, 0.5585631750939261, 0.5100459968886976, 0.46134781523951157, 0.39248823477614275], [0.1465264154958516, 0.18966539128541798, 0.2032411082058156, 0.21454182280252035, 0.2280359047237007, 0.24192210981527865, 0.2502973409615686, 0.26461862696657795, 0.28459932808586413, 0.31334172716421416, 0.35198626819818407, 0.39510728123043204, 0.44514219777316844, 0.5066527938126174, 0.5668352159322166, 0.6388669429007514, 0.7153292795084534, 0.7827854717830307, 0.8532746947401377, 0.931626560543206, 1.0002231968143394, 0.9392421581480902, 0.8805230510331872, 0.8281989912726988, 0.7819422158735129, 0.7411815855901691, 0.7053410691922355, 0.6618916816687539, 0.6146332723465874, 0.5651444236263307, 0.5154464425485284, 0.4204777267924233], [0.16760315056062147, 0.21087306338544928, 0.22389934924369911, 0.23677467150320913, 0.25182929663040077, 0.265576997397464, 0.27273351278764874, 0.2827172897424859, 0.295537194984737, 0.31484417804868503, 0.3434998972683156, 0.37632756242172827, 0.41809563586020665, 0.47429384196931745, 0.5275164982193175, 0.5942550974483406, 0.6653166826471509, 0.7288910848465874, 0.7956293783265498, 0.8715040652395116, 0.9392421581480902, 1.0000635958046338, 0.9402560220335003, 0.8870043196227301, 0.8403500704445835, 0.7983774508844709, 0.7585597507044458, 0.7126613132044458, 0.6637121115763932, 0.6127523041249218, 0.5618258233210708, 0.44912457928929245], [0.18889486543372339, 0.23151509972311365, 0.24522190655330306, 0.26028180585179245, 0.2766848607741077, 0.2902146388981293, 0.2958157323790701, 0.30146169453467436, 0.30694973730040703, 0.3168975887406074, 0.3351696112339543, 0.3574102565356919, 0.39051279009470885, 0.4419731087586099, 0.4885555069074828, 0.5505326760136193, 0.6160782424076393, 0.6759995548293676, 0.7397849238807138, 0.8133108465090795, 0.8805230510331872, 0.9402560220335003, 0.9999951080150282, 0.9464670084533501, 0.8996996321227301, 0.8568452322714465, 0.8137584631340012, 0.7659344180494677, 0.7157897375939261, 0.663649127269881, 0.6116143061208515, 0.47812701794380086], [0.2121651971347644, 0.25423848457312537, 0.26882076562010804, 0.2855469972996243, 0.30366859125508766, 0.31705099833183314, 0.32136091352927365, 0.32284532521916093, 0.3214615049702567, 0.32223887195718537, 0.33089080600344395, 0.3428862589034126, 0.3678191775594865, 0.4152142567118034, 0.45589936697714467, 0.5129325737711333, 0.5734238024420789, 0.6296320982701941, 0.6902951579132749, 0.761636809251722, 0.8281989912726988, 0.8870043196227301, 0.9464670084533501, 0.9999113327723858, 0.9537523970726361, 0.9103666053537883, 0.8636811697714465, 0.814081945640263, 0.7629912775907952, 0.7101003590716969, 0.6583419350735754, 0.5048736400281778], [0.2420800292051503, 0.28496882582576705, 0.3002810445366312, 0.31941627306570913, 0.33987914045378054, 0.3535186060533422, 0.3566213475217204, 0.3536802708692079, 0.3444570447029587, 0.33544753713016595, 0.3330882245029743, 0.3339204734463056, 0.34966012934408264, 0.39262184711568565, 0.42717730021133377, 0.4795771857388854, 0.5350617735402317, 0.5881661049037258, 0.6459431991624922, 0.7153023735911084, 0.7819422158735129, 0.8403500704445835, 0.8996996321227301, 0.9537523970726361, 0.9997254373434565, 0.9571547726205385, 0.9066248483484659, 0.8558839572244834, 0.8051088222056982, 0.7529333564887288, 0.7018916082889793, 0.5236007699984345], [0.25582918228025203, 0.29759419822812305, 0.3127238083124609, 0.3329754030995617, 0.35466294835042267, 0.36815932338955853, 0.37047995876056666, 0.3646841795652004, 0.3507076256261741, 0.3357944094395742, 0.3271696870597213, 0.3215240306531778, 0.3317089904899812, 0.37135577694505323, 0.4018900183938635, 0.45084197176346275, 0.5025487241703194, 0.5529089577136819, 0.6082944828193487, 0.6756522238963681, 0.7411815855901691, 0.7983774508844709, 0.8568452322714465, 0.9103666053537883, 0.9571547726205385, 0.9997602927363807, 0.9476178479179712, 0.8956625215247339, 0.8442997368112085, 0.7914088182921102, 0.7401432617798999, 0.5513270120734189], [0.2188265901397151, 0.255359933909283, 0.268067247059917, 0.2850101019489668, 0.30345150942196303, 0.31546882337977455, 0.3184107408422041, 0.3154028580199202, 0.3069073910554947, 0.29891144161905137, 0.2969826236693801, 0.2980772053068253, 0.31204886726087977, 0.3504963530252035, 0.38274920994442707, 0.43007855304868503, 0.4806448614589856, 0.5292565161239825, 0.582223260410144, 0.6451910564730745, 0.7053410691922355, 0.7585597507044458, 0.8137584631340012, 0.8636811697714465, 0.9066248483484659, 0.9476178479179712, 0.9996636760331872, 0.9451253815748278, 0.887406073888541, 0.8271410995225422, 0.7697091959533501, 0.6116727041914527], [0.2151884629566668, 0.24986206895497418, 0.2624257182656935, 0.2791571476792423, 0.2970803104942862, 0.30839745910300564, 0.31054756293538666, 0.30633671043362554, 0.296464914072284, 0.28625962192294147, 0.28153037188869756, 0.28064400536161555, 0.29231108377035064, 0.32834345770389795, 0.35771478260018785, 0.40162462820914213, 0.44872527101596743, 0.4945249515693488, 0.5447179403764871, 0.6043185220335003, 0.6618916816687539, 0.7126613132044458, 0.7659344180494677, 0.814081945640263, 0.8558839572244834, 0.8956625215247339, 0.9451253815748278, 0.999559721352536, 0.9396757103162179, 0.8762474561678146, 0.8165964259157796, 0.6608995259666562], [0.2307344459337821, 0.26344600288137915, 0.27524233670554166, 0.29323811492251095, 0.31259692245225423, 0.32366465626467594, 0.3248355222927755, 0.31787552711138073, 0.3029813438038118, 0.2862104727614277, 0.27409103861732936, 0.26553266378365686, 0.27159459753639636, 0.3041155963818879, 0.3290764910770194, 0.36904370254774577, 0.41191094385958044, 0.4546479360715404, 0.5017525536161553, 0.5585631750939261, 0.6146332723465874, 0.6637121115763932, 0.7157897375939261, 0.7629912775907952, 0.8051088222056982, 0.8442997368112085, 0.887406073888541, 0.9396757103162179, 0.9995364844239198, 0.9367894391828429, 0.8776110969787101, 0.7105259617642454], [0.24891015747299625, 0.28017315180807767, 0.29240250273951157, 0.31243556338544926, 0.3335972202518394, 0.34466174369912334, 0.3449312614961647, 0.33447846548215404, 0.31326421977731683, 0.2890051720511115, 0.2677516375919693, 0.2504722294243112, 0.2495513132533657, 0.2778635234032561, 0.2978177772287883, 0.33328069353670947, 0.3716260591147464, 0.4112924135097057, 0.45535666239433314, 0.5100459968886976, 0.5651444236263307, 0.6127523041249218, 0.663649127269881, 0.7101003590716969, 0.7529333564887288, 0.7914088182921102, 0.8271410995225422, 0.8762474561678146, 0.9367894391828429, 1.0000238484267376, 0.9438363435347527, 0.7623076226909831], [0.2606451121732154, 0.2849999357926972, 0.2986055396837821, 0.3212375437832655, 0.34422696853475265, 0.35579620724405137, 0.35534645037570445, 0.34222996854453663, 0.3160303315298215, 0.28508103573105825, 0.2567218931003444, 0.23172018090560426, 0.22512685528530058, 0.2504697834318253, 0.265452863278804, 0.29768982124686916, 0.33103328506574825, 0.3677347908187226, 0.4087913861928616, 0.46134781523951157, 0.5154464425485284, 0.5618258233210708, 0.6116143061208515, 0.6583419350735754, 0.7018916082889793, 0.7401432617798999, 0.7697091959533501, 0.8165964259157796, 0.8776110969787101, 0.9438363435347527, 1.0000415818722606, 0.8139559770272385], [-0.0030502876081389043, -0.01119866054656734, -0.006900705467109465, -0.0045552730336365435, -0.003184474813393227, 0.0017621651170547858, 0.0066236614359865805, 0.01822720248772341, 0.03865000558929587, 0.0662183264455873, 0.09547394010224937, 0.13062459793998513, 0.16306428664463643, 0.19221786088173137, 0.2258314539957733, 0.2589083046336882, 0.29374397674350344, 0.3261278471352536, 0.35828347585316217, 0.39248823477614275, 0.4204777267924233, 0.44912457928929245, 0.47812701794380086, 0.5048736400281778, 0.5236007699984345, 0.5513270120734189, 0.6116727041914527, 0.6608995259666562, 0.7105259617642454, 0.7623076226909831, 0.8139559770272385, 1.0000801062539135]], "count": 6388}