{"accumulated_matrix": [[6388.78125, 5472.2542724609375, 5253.7823486328125, 5056.306396484375, 4898.6156005859375, 4672.940185546875, 4437.5380859375, 4199.3406982421875, 3780.38525390625, 3415.8636474609375, 3030.9710693359375, 2412.589111328125, 1837.2623291015625, 1596.1253662109375, 1367.8751220703125, 1231.200439453125, 1070.3681640625, 975.2196044921875, 898.69287109375, 894.4871826171875, 958.5767822265625, 1041.5228271484375, 927.0531988143921, 1043.7538757324219, 1183.1392431259155, 1218.0993938446045, 955.5593070983887, 883.486834526062, 922.6753368377686, 987.9179906845093, 1147.7415657043457, 632.2873587608337], [5472.2542724609375, 6387.1328125, 6235.02734375, 6013.49609375, 5865.85546875, 5647.28125, 5392.7421875, 5132.41015625, 4647.71875, 4229.021484375, 3790.109375, 3084.5390625, 2388.619140625, 2095.1357421875, 1804.4150390625, 1608.8544921875, 1427.03125, 1297.77685546875, 1188.5029296875, 1171.83251953125, 1239.7822265625, 1340.4150390625, 1191.7345123291016, 1333.7837295532227, 1502.072654724121, 1536.428524017334, 1205.4627361297607, 1113.4205045700073, 1149.4382734298706, 1215.0312309265137, 1368.3695106506348, 660.2545456886292], [5253.7823486328125, 6235.02734375, 6387.78125, 6201.9140625, 6060.8359375, 5846.296875, 5586.32421875, 5320.26953125, 4818.4609375, 4383.669921875, 3928.486328125, 3198.228515625, 2472.44921875, 2168.71484375, 1866.4443359375, 1664.21484375, 1472.4697265625, 1337.90869140625, 1225.37548828125, 1209.236328125, 1282.392578125, 1386.58056640625, 1230.867691040039, 1380.7785339355469, 1556.8675842285156, 1595.0394287109375, 1245.8323955535889, 1153.3142013549805, 1194.3666200637817, 1265.0433502197266, 1437.0619888305664, 704.7079048156738], [5056.306396484375, 6013.49609375, 6201.9140625, 6389.01953125, 6236.00390625, 6013.4921875, 5740.4765625, 5469.0859375, 4953.57421875, 4496.2890625, 4025.0703125, 3277.169921875, 2540.0234375, 2231.5908203125, 1925.8134765625, 1716.23291015625, 1518.56884765625, 1382.82861328125, 1264.3974609375, 1245.087890625, 1318.32177734375, 1420.11572265625, 1264.2435913085938, 1413.075424194336, 1589.055191040039, 1624.69921875, 1270.258394241333, 1177.0865352153778, 1217.1756439208984, 1287.2432708740234, 1465.0983257293701, 735.3241910934448], [4898.6156005859375, 5865.85546875, 6060.8359375, 6236.00390625, 6389.2265625, 6182.09765625, 5917.0625, 5636.984375, 5109.078125, 4633.55859375, 4148.4375, 3379.177734375, 2622.9140625, 2303.314453125, 1993.1025390625, 1773.4091796875, 1572.56591796875, 1430.8125, 1307.099609375, 1284.211181640625, 1355.98486328125, 1457.8525390625, 1296.7298583984375, 1446.6408081054688, 1623.7932815551758, 1659.4051685333252, 1297.7201528549194, 1202.9232330322266, 1243.3629913330078, 1315.966890335083, 1503.4318580627441, 758.3868179321289], [4672.940185546875, 5647.28125, 5846.296875, 6013.4921875, 6182.09765625, 6388.890625, 6121.3046875, 5839.359375, 5307.8359375, 4815.67578125, 4321.37109375, 3518.65625, 2761.03515625, 2429.4560546875, 2115.5576171875, 1879.990234375, 1670.56689453125, 1521.75244140625, 1388.90234375, 1355.2939453125, 1413.24755859375, 1503.56005859375, 1337.8226928710938, 1475.1353797912598, 1639.8532857894897, 1669.274510383606, 1313.222557067871, 1216.0287780761719, 1250.2927627563477, 1315.1012725830078, 1491.4885025024414, 767.0470428466797], [4437.5380859375, 5392.7421875, 5586.32421875, 5740.4765625, 5917.0625, 6121.3046875, 6389.1640625, 6114.39453125, 5579.3515625, 5054.83984375, 4533.0078125, 3691.599609375, 2925.2421875, 2581.119140625, 2250.7958984375, 1996.7080078125, 1776.3271484375, 1616.42822265625, 1474.70654296875, 1429.03076171875, 1470.6376953125, 1547.77490234375, 1373.0493507385254, 1496.4015197753906, 1648.9046020507812, 1671.1371793746948, 1322.2351150512695, 1221.2692017555237, 1248.5428266525269, 1307.1069412231445, 1474.3167786598206, 785.1233243942261], [4199.3406982421875, 5132.41015625, 5320.26953125, 5469.0859375, 5636.984375, 5839.359375, 6114.39453125, 6388.265625, 5871.27734375, 5324.3046875, 4780.19140625, 3909.150390625, 3130.603515625, 2778.6875, 2438.314453125, 2159.466796875, 1927.8603515625, 1754.337890625, 1600.6767578125, 1538.7138671875, 1562.3896484375, 1618.73291015625, 1441.2510070800781, 1547.5867919921875, 1679.9577026367188, 1691.9957885742188, 1356.531826019287, 1252.0600109100342, 1265.5048937797546, 1313.5127563476562, 1460.5438232421875, 808.9990606307983], [3780.38525390625, 4647.71875, 4818.4609375, 4953.57421875, 5109.078125, 5307.8359375, 5579.3515625, 5871.27734375, 6389.0234375, 5797.9296875, 5217.52734375, 4260.08203125, 3472.845703125, 3096.220703125, 2732.97265625, 2424.931640625, 2168.0185546875, 1975.9873046875, 1803.6787109375, 1713.8173828125, 1704.1611328125, 1730.27734375, 1549.983154296875, 1623.808837890625, 1722.6226806640625, 1715.7752685546875, 1406.3252258300781, 1295.3998565673828, 1289.3099393844604, 1312.186180114746, 1421.59033203125, 840.571946144104], [3415.8636474609375, 4229.021484375, 4383.669921875, 4496.2890625, 4633.55859375, 4815.67578125, 5054.83984375, 5324.3046875, 5797.9296875, 6388.58203125, 5744.02734375, 4677.37890625, 3890.97265625, 3482.59375, 3098.263671875, 2750.734375, 2464.89453125, 2252.40625, 2060.1142578125, 1944.3271484375, 1900.2099609375, 1893.42578125, 1706.353271484375, 1749.72509765625, 1816.28125, 1793.07666015625, 1498.3857421875, 1380.3227233886719, 1356.580322265625, 1354.2282257080078, 1430.8968505859375, 894.2012786865234], [3030.9710693359375, 3790.109375, 3928.486328125, 4025.0703125, 4148.4375, 4321.37109375, 4533.0078125, 4780.19140625, 5217.52734375, 5744.02734375, 6387.84375, 5207.546875, 4409.0390625, 3963.69140625, 3530.546875, 3121.857421875, 2800.537109375, 2562.953125, 2348.529296875, 2206.1533203125, 2125.583984375, 2084.01171875, 1884.90576171875, 1893.89013671875, 1922.6552734375, 1877.826171875, 1599.1708984375, 1472.9796142578125, 1426.4764404296875, 1396.1981201171875, 1434.009033203125, 938.8382987976074], [2412.589111328125, 3084.5390625, 3198.228515625, 3277.169921875, 3379.177734375, 3518.65625, 3691.599609375, 3909.150390625, 4260.08203125, 4677.37890625, 5207.546875, 6391.0546875, 5381.0390625, 4831.85546875, 4290.16796875, 3797.23828125, 3415.314453125, 3129.130859375, 2868.03125, 2668.6171875, 2523.33203125, 2420.21875, 2205.9013671875, 2156.69921875, 2128.09375, 2049.6669921875, 1789.2041015625, 1648.02490234375, 1568.4501953125, 1492.8271484375, 1474.42529296875, 1026.265905380249], [1837.2623291015625, 2388.619140625, 2472.44921875, 2540.0234375, 2622.9140625, 2761.03515625, 2925.2421875, 3130.603515625, 3472.845703125, 3890.97265625, 4409.0390625, 5381.0390625, 6390.0703125, 5773.40234375, 5142.36328125, 4533.94140625, 4091.15625, 3745.41015625, 3428.572265625, 3167.501953125, 2948.705078125, 2773.876953125, 2538.970703125, 2421.388671875, 2323.61328125, 2203.849609375, 1974.5947265625, 1817.7158203125, 1698.38671875, 1579.138671875, 1496.49609375, 1117.2760009765625], [1596.1253662109375, 2095.1357421875, 2168.71484375, 2231.5908203125, 2303.314453125, 2429.4560546875, 2581.119140625, 2778.6875, 3096.220703125, 3482.59375, 3963.69140625, 4831.85546875, 5773.40234375, 6389.984375, 5722.53125, 5061.75, 4575.859375, 4191.57421875, 3844.841796875, 3548.5078125, 3289.462890625, 3076.060546875, 2819.728515625, 2664.185546875, 2530.474609375, 2385.6484375, 2163.38671875, 1993.4775390625, 1850.583984375, 1705.6240234375, 1587.9951171875, 1224.17724609375], [1367.8751220703125, 1804.4150390625, 1866.4443359375, 1925.8134765625, 1993.1025390625, 2115.5576171875, 2250.7958984375, 2438.314453125, 2732.97265625, 3098.263671875, 3530.546875, 4290.16796875, 5142.36328125, 5722.53125, 6389.25390625, 5669.5390625, 5159.01171875, 4736.640625, 4348.34375, 4009.7578125, 3701.5859375, 3441.353515625, 3160.4921875, 2966.181640625, 2792.2578125, 2622.017578125, 2403.361328125, 2216.7607421875, 2049.71484375, 1873.7734375, 1717.1259765625, 1361.78759765625], [1231.200439453125, 1608.8544921875, 1664.21484375, 1716.23291015625, 1773.4091796875, 1879.990234375, 1996.7080078125, 2159.466796875, 2424.931640625, 2750.734375, 3121.857421875, 3797.23828125, 4533.94140625, 5061.75, 5669.5390625, 6389.00390625, 5825.7734375, 5356.31640625, 4925.28125, 4539.80078125, 4185.44921875, 3881.5, 3571.765625, 3336.724609375, 3128.7265625, 2932.26171875, 2704.240234375, 2493.501953125, 2299.73046875, 2094.5205078125, 1907.6787109375, 1543.24072265625], [1070.3681640625, 1427.03125, 1472.4697265625, 1518.56884765625, 1572.56591796875, 1670.56689453125, 1776.3271484375, 1927.8603515625, 2168.0185546875, 2464.89453125, 2800.537109375, 3415.314453125, 4091.15625, 4575.859375, 5159.01171875, 5825.7734375, 6387.74609375, 5893.8984375, 5431.9609375, 5009.765625, 4615.9609375, 4272.3671875, 3937.21875, 3663.5390625, 3420.02734375, 3199.41015625, 2967.826171875, 2738.044921875, 2517.673828125, 2286.484375, 2063.21484375, 1687.36328125], [975.2196044921875, 1297.77685546875, 1337.90869140625, 1382.82861328125, 1430.8125, 1521.75244140625, 1616.42822265625, 1754.337890625, 1975.9873046875, 2252.40625, 2562.953125, 3129.130859375, 3745.41015625, 4191.57421875, 4736.640625, 5356.31640625, 5893.8984375, 6387.41015625, 5899.39453125, 5450.01171875, 5026.55859375, 4652.69921875, 4299.0625, 3995.01953125, 3723.16796875, 3481.822265625, 3241.419921875, 2997.40234375, 2755.853515625, 2502.291015625, 2250.0546875, 1856.0693359375], [898.69287109375, 1188.5029296875, 1225.37548828125, 1264.3974609375, 1307.099609375, 1388.90234375, 1474.70654296875, 1600.6767578125, 1803.6787109375, 2060.1142578125, 2348.529296875, 2868.03125, 3428.572265625, 3844.841796875, 4348.34375, 4925.28125, 5431.9609375, 5899.39453125, 6386.515625, 5913.09375, 5457.94140625, 5052.96875, 4677.90234375, 4346.27734375, 4049.03125, 3787.03125, 3536.478515625, 3274.296875, 3009.474609375, 2730.197265625, 2450.587890625, 2040.470703125], [894.4871826171875, 1171.83251953125, 1209.236328125, 1245.087890625, 1284.211181640625, 1355.2939453125, 1429.03076171875, 1538.7138671875, 1713.8173828125, 1944.3271484375, 2206.1533203125, 2668.6171875, 3167.501953125, 3548.5078125, 4009.7578125, 4539.80078125, 5009.765625, 5450.01171875, 5913.09375, 6387.60546875, 5907.15234375, 5476.2734375, 5079.859375, 4725.2421875, 4405.87109375, 4123.421875, 3855.9375, 3572.943359375, 3283.05078125, 2983.03125, 2683.375, 2241.423828125], [958.5767822265625, 1239.7822265625, 1282.392578125, 1318.32177734375, 1355.98486328125, 1413.24755859375, 1470.6376953125, 1562.3896484375, 1704.1611328125, 1900.2099609375, 2125.583984375, 2523.33203125, 2948.705078125, 3289.462890625, 3701.5859375, 4185.44921875, 4615.9609375, 5026.55859375, 5457.94140625, 5907.15234375, 6390.24609375, 5939.9609375, 5521.4609375, 5147.48828125, 4811.3125, 4509.78515625, 4213.8359375, 3908.609375, 3595.525390625, 3276.337890625, 2960.08203125, 2470.5625], [1041.5228271484375, 1340.4150390625, 1386.58056640625, 1420.11572265625, 1457.8525390625, 1503.56005859375, 1547.77490234375, 1618.73291015625, 1730.27734375, 1893.42578125, 2084.01171875, 2420.21875, 2773.876953125, 3076.060546875, 3441.353515625, 3881.5, 4272.3671875, 4652.69921875, 5052.96875, 5476.2734375, 5939.9609375, 6390.9453125, 5946.66796875, 5555.5703125, 5203.01171875, 4882.44921875, 4558.47265625, 4230.46484375, 3900.1015625, 3561.779296875, 3230.83984375, 2694.359375], [927.0531988143921, 1191.7345123291016, 1230.867691040039, 1264.2435913085938, 1296.7298583984375, 1337.8226928710938, 1373.0493507385254, 1441.2510070800781, 1549.983154296875, 1706.353271484375, 1884.90576171875, 2205.9013671875, 2538.970703125, 2819.728515625, 3160.4921875, 3571.765625, 3937.21875, 4299.0625, 4677.90234375, 5079.859375, 5521.4609375, 5946.66796875, 6389.671875, 5970.80078125, 5592.5, 5249.890625, 4917.03125, 4568.859375, 4209.12890625, 3839.578125, 3470.943359375, 2919.078125], [1043.7538757324219, 1333.7837295532227, 1380.7785339355469, 1413.075424194336, 1446.6408081054688, 1475.1353797912598, 1496.4015197753906, 1547.5867919921875, 1623.808837890625, 1749.72509765625, 1893.89013671875, 2156.69921875, 2421.388671875, 2664.185546875, 2966.181640625, 3336.724609375, 3663.5390625, 3995.01953125, 4346.27734375, 4725.2421875, 5147.48828125, 5555.5703125, 5970.80078125, 6389.11328125, 6001.39453125, 5642.64453125, 5280.51171875, 4910.81640625, 4533.1953125, 4145.68359375, 3769.2890625, 3159.912109375], [1183.1392431259155, 1502.072654724121, 1556.8675842285156, 1589.055191040039, 1623.7932815551758, 1639.8532857894897, 1648.9046020507812, 1679.9577026367188, 1722.6226806640625, 1816.28125, 1922.6552734375, 2128.09375, 2323.61328125, 2530.474609375, 2792.2578125, 3128.7265625, 3420.02734375, 3723.16796875, 4049.03125, 4405.87109375, 4811.3125, 5203.01171875, 5592.5, 6001.39453125, 6389.59765625, 6019.703125, 5624.48828125, 5235.3359375, 4843.6328125, 4440.31640625, 4055.65234375, 3380.318359375], [1218.0993938446045, 1536.428524017334, 1595.0394287109375, 1624.69921875, 1659.4051685333252, 1669.274510383606, 1671.1371793746948, 1691.9957885742188, 1715.7752685546875, 1793.07666015625, 1877.826171875, 2049.6669921875, 2203.849609375, 2385.6484375, 2622.017578125, 2932.26171875, 3199.41015625, 3481.822265625, 3787.03125, 4123.421875, 4509.78515625, 4882.44921875, 5249.890625, 5642.64453125, 6019.703125, 6388.0546875, 5976.85546875, 5571.04296875, 5160.859375, 4739.85546875, 4340.2578125, 3625.802734375], [955.5593070983887, 1205.4627361297607, 1245.8323955535889, 1270.258394241333, 1297.7201528549194, 1313.222557067871, 1322.2351150512695, 1356.531826019287, 1406.3252258300781, 1498.3857421875, 1599.1708984375, 1789.2041015625, 1974.5947265625, 2163.38671875, 2403.361328125, 2704.240234375, 2967.826171875, 3241.419921875, 3536.478515625, 3855.9375, 4213.8359375, 4558.47265625, 4917.03125, 5280.51171875, 5624.48828125, 5976.85546875, 6387.6953125, 5966.8046875, 5519.3203125, 5061.5546875, 4612.65625, 3921.2734375], [883.486834526062, 1113.4205045700073, 1153.3142013549805, 1177.0865352153778, 1202.9232330322266, 1216.0287780761719, 1221.2692017555237, 1252.0600109100342, 1295.3998565673828, 1380.3227233886719, 1472.9796142578125, 1648.02490234375, 1817.7158203125, 1993.4775390625, 2216.7607421875, 2493.501953125, 2738.044921875, 2997.40234375, 3274.296875, 3572.943359375, 3908.609375, 4230.46484375, 4568.859375, 4910.81640625, 5235.3359375, 5571.04296875, 5966.8046875, 6387.1875, 5918.29296875, 5432.65625, 4958.68359375, 4245.732421875], [922.6753368377686, 1149.4382734298706, 1194.3666200637817, 1217.1756439208984, 1243.3629913330078, 1250.2927627563477, 1248.5428266525269, 1265.5048937797546, 1289.3099393844604, 1356.580322265625, 1426.4764404296875, 1568.4501953125, 1698.38671875, 1850.583984375, 2049.71484375, 2299.73046875, 2517.673828125, 2755.853515625, 3009.474609375, 3283.05078125, 3595.525390625, 3900.1015625, 4209.12890625, 4533.1953125, 4843.6328125, 5160.859375, 5519.3203125, 5918.29296875, 6386.8359375, 5884.859375, 5399.140625, 4636.80859375], [987.9179906845093, 1215.0312309265137, 1265.0433502197266, 1287.2432708740234, 1315.966890335083, 1315.1012725830078, 1307.1069412231445, 1313.5127563476562, 1312.186180114746, 1354.2282257080078, 1396.1981201171875, 1492.8271484375, 1579.138671875, 1705.6240234375, 1873.7734375, 2094.5205078125, 2286.484375, 2502.291015625, 2730.197265625, 2983.03125, 3276.337890625, 3561.779296875, 3839.578125, 4145.68359375, 4440.31640625, 4739.85546875, 5061.5546875, 5432.65625, 5884.859375, 6388.93359375, 5902.35546875, 5085.75], [1147.7415657043457, 1368.3695106506348, 1437.0619888305664, 1465.0983257293701, 1503.4318580627441, 1491.4885025024414, 1474.3167786598206, 1460.5438232421875, 1421.59033203125, 1430.8968505859375, 1434.009033203125, 1474.42529296875, 1496.49609375, 1587.9951171875, 1717.1259765625, 1907.6787109375, 2063.21484375, 2250.0546875, 2450.587890625, 2683.375, 2960.08203125, 3230.83984375, 3470.943359375, 3769.2890625, 4055.65234375, 4340.2578125, 4612.65625, 4958.68359375, 5399.140625, 5902.35546875, 6390.44921875, 5591.5859375], [632.2873587608337, 660.2545456886292, 704.7079048156738, 735.3241910934448, 758.3868179321289, 767.0470428466797, 785.1233243942261, 808.9990606307983, 840.571946144104, 894.2012786865234, 938.8382987976074, 1026.265905380249, 1117.2760009765625, 1224.17724609375, 1361.78759765625, 1543.24072265625, 1687.36328125, 1856.0693359375, 2040.470703125, 2241.423828125, 2470.5625, 2694.359375, 2919.078125, 3159.912109375, 3380.318359375, 3625.802734375, 3921.2734375, 4245.732421875, 4636.80859375, 5085.75, 5591.5859375, 6389.61328125]], "average_matrix": [[0.9998092723004695, 0.8563778204164222, 0.822188160975401, 0.7912842561008412, 0.76660651026384, 0.7312895439040493, 0.6944504046850548, 0.6571738181912656, 0.5916095859008216, 0.5345639510893486, 0.47433037078809664, 0.3775569814285016, 0.2875214912522007, 0.24978487734130478, 0.21406496433025235, 0.1926761251100352, 0.16750675493935838, 0.15261652652459898, 0.14064051190825508, 0.13998234469752543, 0.1500120159978971, 0.1629926177071107, 0.14507874785827732, 0.16334176459036337, 0.1851548111308162, 0.19062588323076754, 0.14953979766797945, 0.13826085047356212, 0.14439363643783545, 0.15460375441072133, 0.17961526849833265, 0.09894950841327602], [0.8563778204164222, 0.9995513008607199, 0.9757476281298905, 0.9410792008998435, 0.9179742517605634, 0.8837685837245697, 0.8439346146322378, 0.8031940776604068, 0.7273425273865415, 0.6618186986502348, 0.5931313575899844, 0.4827134683098592, 0.37380581230438187, 0.32787726794796557, 0.2823810702758216, 0.2517769158352895, 0.22332257433489827, 0.20309496955692488, 0.18599419869913927, 0.18338537081866196, 0.1940191277875587, 0.20976761174687011, 0.18649992368217552, 0.20872984813039477, 0.23506614314931473, 0.2404426485160147, 0.18864831551326458, 0.17424421041784152, 0.179880793963986, 0.1901457325393605, 0.2141423334351541, 0.10332621998257108], [0.822188160975401, 0.9757476281298905, 0.9996527777777777, 0.9705655809859155, 0.9484876271517997, 0.9149134389671362, 0.8742291422143975, 0.8325930408841941, 0.7540627445226917, 0.6860203320618153, 0.6147865928208138, 0.5005052450117371, 0.38692476036776213, 0.33939199432707357, 0.2920883154831768, 0.260440507629108, 0.23043344703638496, 0.20937538206670578, 0.19176455215669014, 0.1892388619913928, 0.2006874144170579, 0.21699226391334117, 0.1926240518059529, 0.2160842776111967, 0.24364124948803062, 0.24961493407056926, 0.1949659460960233, 0.18048735545461353, 0.18691183412578743, 0.1979723552769525, 0.22489233002043293, 0.1102829272012009], [0.7912842561008412, 0.9410792008998435, 0.9705655809859155, 0.9998465620109546, 0.9759004548122066, 0.9410785895931142, 0.8983531396713615, 0.8558819933489827, 0.7752072329812206, 0.7036446107198748, 0.6299014573552426, 0.5128591427034429, 0.3974997554773083, 0.34923174026799686, 0.30137926080790295, 0.2685810501026995, 0.23764770698845852, 0.21640510379988262, 0.19787127714201877, 0.19484943515258216, 0.20631013729949138, 0.22224033218407668, 0.19784719738788634, 0.22113856403667229, 0.24867843365258827, 0.25425652875586857, 0.19878848110193004, 0.18420759549536428, 0.19048132142737065, 0.20144652126354046, 0.22927986318143506, 0.1150742083088333], [0.76660651026384, 0.9179742517605634, 0.9484876271517997, 0.9759004548122066, 0.9998789612676057, 0.9674644219483568, 0.9259878716744914, 0.8821571791862285, 0.7995427425665101, 0.7251265404929578, 0.6492077464788732, 0.5288228066314554, 0.41047168427230046, 0.3604560959507042, 0.31190963052621284, 0.27752882311228483, 0.2460979527337637, 0.2239143192488263, 0.2045539294796557, 0.2009720159062011, 0.21220420395637715, 0.2281459372554773, 0.2029311202501467, 0.22639136277080887, 0.25411475454697585, 0.25968781980177236, 0.2030860959084381, 0.18825089718814186, 0.19457949786119058, 0.20594161038107714, 0.23527885102703353, 0.11868338308797009], [0.7312895439040493, 0.8837685837245697, 0.9149134389671362, 0.9410785895931142, 0.9674644219483568, 0.9998263888888889, 0.9579506553208138, 0.9138277582159624, 0.8306472515649452, 0.7536268828247261, 0.6762709066901409, 0.5506504303599374, 0.4320868789123631, 0.380196565678795, 0.33107317952856025, 0.2942081743935837, 0.26143456878423316, 0.23814592197280907, 0.21735560935054773, 0.2120960790786385, 0.22116550212734742, 0.2352989137079421, 0.20936192376699433, 0.23085060716608133, 0.2566280572440516, 0.2612323177439133, 0.20551213725631787, 0.19030184320440874, 0.19566396913244877, 0.20580614594413268, 0.2334097812992866, 0.12003866085237554], [0.6944504046850548, 0.8439346146322378, 0.8742291422143975, 0.8983531396713615, 0.9259878716744914, 0.9579506553208138, 0.9998691803599374, 0.9568692537167449, 0.8731379597026604, 0.7910547486306729, 0.7093908939749609, 0.5777151188380282, 0.45778437989045384, 0.4039310079225352, 0.35223722980242567, 0.31247386663732396, 0.2779854692390454, 0.25296216316999215, 0.23078349655223004, 0.22363548696694052, 0.23014674418035994, 0.2422182945764867, 0.21487470277598206, 0.2341786415923929, 0.2580445386620941, 0.2615238152386064, 0.20692255321616113, 0.19112194080681122, 0.19539011371714035, 0.20455507687373153, 0.23072250057274188, 0.1228674999051997], [0.6571738181912656, 0.8031940776604068, 0.8325930408841941, 0.8558819933489827, 0.8821571791862285, 0.9138277582159624, 0.9568692537167449, 0.9997285798122065, 0.9188227455007825, 0.8332245207355242, 0.7480737724960876, 0.6117606245109546, 0.4899223029147105, 0.4348493740219092, 0.3815828565140845, 0.3379447256455399, 0.3016995855340376, 0.2745442708333333, 0.2504971451975743, 0.2408002922046166, 0.24450542229068858, 0.2533228341402582, 0.2255478884319371, 0.24218885633680556, 0.2629041788163879, 0.2647880733292987, 0.2122898006289964, 0.19594053378873774, 0.19804458431608055, 0.2055575518540933, 0.22856710848860523, 0.12660392185145514], [0.5916095859008216, 0.7273425273865415, 0.7540627445226917, 0.7752072329812206, 0.7995427425665101, 0.8306472515649452, 0.8731379597026604, 0.9188227455007825, 0.9998471733176839, 0.9073442390453834, 0.8165144512910798, 0.6666795041079813, 0.5434813306924883, 0.4845415810837246, 0.42769525136932707, 0.37948851965962443, 0.33928302890258216, 0.30923119009194056, 0.28226583895735524, 0.2682030333039906, 0.26669188306924885, 0.2707789270344288, 0.24256387391187403, 0.2541171890282668, 0.26958101418842917, 0.2685094316986991, 0.22008219496558343, 0.20272298224841673, 0.20176994356564326, 0.20534994993970987, 0.22247110047437402, 0.13154490549985978], [0.5345639510893486, 0.6618186986502348, 0.6860203320618153, 0.7036446107198748, 0.7251265404929578, 0.7536268828247261, 0.7910547486306729, 0.8332245207355242, 0.9073442390453834, 0.999778095657277, 0.8989088174882629, 0.7319841793818467, 0.6089159086463224, 0.5450068466353678, 0.48486129450312987, 0.43047486306729266, 0.3857424931533646, 0.3524892410015649, 0.3223965974667449, 0.30427654905125195, 0.29737245085093894, 0.2963107638888889, 0.26703494076437795, 0.27382239399941316, 0.2842380672926448, 0.2806066760807903, 0.23448916153169014, 0.21601294575722566, 0.2122973900259194, 0.2119292997978103, 0.22392751965351135, 0.13993760229836047], [0.47433037078809664, 0.5931313575899844, 0.6147865928208138, 0.6299014573552426, 0.6492077464788732, 0.6762709066901409, 0.7093908939749609, 0.7480737724960876, 0.8165144512910798, 0.8989088174882629, 0.999662558685446, 0.8149525625978091, 0.6899904636150235, 0.6202959947183099, 0.5525112480438185, 0.4885535871478873, 0.4382687182120501, 0.4010881259780908, 0.36753197134194054, 0.3452509108470266, 0.33264225107589984, 0.32613641920970265, 0.2949774274990219, 0.2963834329763302, 0.30088501931729267, 0.2938695104655712, 0.25026148645344287, 0.23051324166788928, 0.22323574967600743, 0.21849735839079618, 0.22441455918671752, 0.14692305145502463], [0.3775569814285016, 0.4827134683098592, 0.5005052450117371, 0.5128591427034429, 0.5288228066314554, 0.5506504303599374, 0.5777151188380282, 0.6117606245109546, 0.6666795041079813, 0.7319841793818467, 0.8149525625978091, 1.0001650528169015, 0.8421031396713615, 0.7561589152973396, 0.6713877885367762, 0.5942469923708921, 0.5344780051838811, 0.4896918402777778, 0.4488311815336463, 0.41762397300469484, 0.39488764182316116, 0.3787509780907668, 0.34521148156298903, 0.337511614827856, 0.33303501564945226, 0.32076165761932707, 0.28000064187206575, 0.2579068704763302, 0.24545386468114241, 0.2336192720559468, 0.230739482467723, 0.16060499301725337], [0.2875214912522007, 0.37380581230438187, 0.38692476036776213, 0.3974997554773083, 0.41047168427230046, 0.4320868789123631, 0.45778437989045384, 0.4899223029147105, 0.5434813306924883, 0.6089159086463224, 0.6899904636150235, 0.8421031396713615, 1.0000110035211267, 0.9035058440923318, 0.8047516872065728, 0.7095369962832551, 0.640243544600939, 0.586136174687011, 0.5365527802230047, 0.4956967062793427, 0.4614561937597809, 0.43409654978482004, 0.3973350083137715, 0.37893406445618155, 0.3636327513693271, 0.3448903927034429, 0.30901325924295775, 0.28446256968896716, 0.2657882188967136, 0.24712655271909234, 0.23419344190140845, 0.17484757448772495], [0.24978487734130478, 0.32787726794796557, 0.33939199432707357, 0.34923174026799686, 0.3604560959507042, 0.380196565678795, 0.4039310079225352, 0.4348493740219092, 0.4845415810837246, 0.5450068466353678, 0.6202959947183099, 0.7561589152973396, 0.9035058440923318, 0.9999975547730829, 0.8955447965571205, 0.7921361502347418, 0.7160969287949922, 0.6559584066901408, 0.6016966818270736, 0.5553220363849766, 0.5147829249804382, 0.4813866270539906, 0.44127206817292647, 0.4169304455203443, 0.3960054161776213, 0.37334091353677623, 0.3385581719483568, 0.31196831597222224, 0.28960625733568074, 0.26692081743935836, 0.2485125379010172, 0.19157703381748825], [0.21406496433025235, 0.2823810702758216, 0.2920883154831768, 0.30137926080790295, 0.31190963052621284, 0.33107317952856025, 0.35223722980242567, 0.3815828565140845, 0.42769525136932707, 0.48486129450312987, 0.5525112480438185, 0.6713877885367762, 0.8047516872065728, 0.8955447965571205, 0.9998832404147104, 0.8872518094679186, 0.807357076486698, 0.741258313771518, 0.6804919796557121, 0.6275051349765258, 0.5792779244913928, 0.538552975841158, 0.4945997163536776, 0.46419118006651017, 0.436973053599374, 0.4103313893779343, 0.37611288390062597, 0.34691091427034426, 0.32076914612676055, 0.2932352797339593, 0.2687208101036776, 0.21311230010269952], [0.1926761251100352, 0.2517769158352895, 0.260440507629108, 0.2685810501026995, 0.27752882311228483, 0.2942081743935837, 0.31247386663732396, 0.3379447256455399, 0.37948851965962443, 0.43047486306729266, 0.4885535871478873, 0.5942469923708921, 0.7095369962832551, 0.7921361502347418, 0.8872518094679186, 0.9998441167840375, 0.9117016334115806, 0.8382341793818466, 0.7707795383411581, 0.7104539563771518, 0.6549998777386542, 0.607433489827856, 0.5589617566510172, 0.5221791250978091, 0.4896285700312989, 0.4588828980829421, 0.4231987847222222, 0.390219397985133, 0.35989522202660407, 0.32778098713810644, 0.29854126931729263, 0.24150872029049295], [0.16750675493935838, 0.22332257433489827, 0.23043344703638496, 0.23764770698845852, 0.2460979527337637, 0.26143456878423316, 0.2779854692390454, 0.3016995855340376, 0.33928302890258216, 0.3857424931533646, 0.4382687182120501, 0.5344780051838811, 0.640243544600939, 0.7160969287949922, 0.807357076486698, 0.9117016334115806, 0.9996472760172144, 0.9223628227699531, 0.8500721341940533, 0.7840008802816901, 0.7223726036776212, 0.668602063771518, 0.6161531690140845, 0.5733237969483568, 0.5352155467527386, 0.5006901652973396, 0.4644485401995305, 0.428489033157277, 0.3940021640258216, 0.3578222809076682, 0.3228818221830986, 0.26406311130672927], [0.15261652652459898, 0.20309496955692488, 0.20937538206670578, 0.21640510379988262, 0.2239143192488263, 0.23814592197280907, 0.25296216316999215, 0.2745442708333333, 0.30923119009194056, 0.3524892410015649, 0.4010881259780908, 0.4896918402777778, 0.586136174687011, 0.6559584066901408, 0.741258313771518, 0.8382341793818466, 0.9223628227699531, 0.9995947036384977, 0.9232229313380281, 0.8528969825899844, 0.7866288879107981, 0.7281219434663537, 0.6727797339593115, 0.625198674687011, 0.582655394170579, 0.544886113556338, 0.5072644635172144, 0.4690770491001565, 0.43127598053599375, 0.3915948381259781, 0.3521212343505477, 0.2904646848102504], [0.14064051190825508, 0.18599419869913927, 0.19176455215669014, 0.19787127714201877, 0.2045539294796557, 0.21735560935054773, 0.23078349655223004, 0.2504971451975743, 0.28226583895735524, 0.3223965974667449, 0.36753197134194054, 0.4488311815336463, 0.5365527802230047, 0.6016966818270736, 0.6804919796557121, 0.7707795383411581, 0.8500721341940533, 0.9232229313380281, 0.9994547143974961, 0.9253667840375587, 0.8541379352503913, 0.7907619327073553, 0.7320660944835681, 0.6801685983959311, 0.6336512128325509, 0.592649647887324, 0.5534395173122065, 0.5124095266040689, 0.4709662925469484, 0.42726091793818466, 0.3835035822574335, 0.3193224887519562], [0.13998234469752543, 0.18338537081866196, 0.1892388619913928, 0.19484943515258216, 0.2009720159062011, 0.2120960790786385, 0.22363548696694052, 0.2408002922046166, 0.2682030333039906, 0.30427654905125195, 0.3452509108470266, 0.41762397300469484, 0.4956967062793427, 0.5553220363849766, 0.6275051349765258, 0.7104539563771518, 0.7840008802816901, 0.8528969825899844, 0.9253667840375587, 0.9996252689749608, 0.9244369865023474, 0.8570067977308294, 0.7949701682316119, 0.7394745207355242, 0.68949469385759, 0.6452929381846635, 0.6034330985915493, 0.5591460656298904, 0.5137794649843506, 0.46682805164319247, 0.419933489827856, 0.35077055213223785], [0.1500120159978971, 0.1940191277875587, 0.2006874144170579, 0.20631013729949138, 0.21220420395637715, 0.22116550212734742, 0.23014674418035994, 0.24450542229068858, 0.26669188306924885, 0.29737245085093894, 0.33264225107589984, 0.39488764182316116, 0.4614561937597809, 0.5147829249804382, 0.5792779244913928, 0.6549998777386542, 0.7223726036776212, 0.7866288879107981, 0.8541379352503913, 0.9244369865023474, 1.0000385123239437, 0.9295713517214398, 0.8640783939749609, 0.8055537216353678, 0.7529440532081377, 0.7057566754694836, 0.6594422437402191, 0.6116759585289515, 0.5626800298317683, 0.5127289343701096, 0.4632366246087637, 0.3866294992175274], [0.1629926177071107, 0.20976761174687011, 0.21699226391334117, 0.22224033218407668, 0.2281459372554773, 0.2352989137079421, 0.2422182945764867, 0.2533228341402582, 0.2707789270344288, 0.2963107638888889, 0.32613641920970265, 0.3787509780907668, 0.43409654978482004, 0.4813866270539906, 0.538552975841158, 0.607433489827856, 0.668602063771518, 0.7281219434663537, 0.7907619327073553, 0.8570067977308294, 0.9295713517214398, 1.000147936228482, 0.9306209653755868, 0.8694163243348982, 0.814242835485133, 0.7640765600547731, 0.713376002543036, 0.662044576486698, 0.6103445324726134, 0.5573989509976526, 0.5056087392410016, 0.42165248435054775], [0.14507874785827732, 0.18649992368217552, 0.1926240518059529, 0.19784719738788634, 0.2029311202501467, 0.20936192376699433, 0.21487470277598206, 0.2255478884319371, 0.24256387391187403, 0.26703494076437795, 0.2949774274990219, 0.34521148156298903, 0.3973350083137715, 0.44127206817292647, 0.4945997163536776, 0.5589617566510172, 0.6161531690140845, 0.6727797339593115, 0.7320660944835681, 0.7949701682316119, 0.8640783939749609, 0.9306209653755868, 0.9999486502347418, 0.9343976183489828, 0.8751956181533647, 0.821579127543036, 0.7694884585289515, 0.7150014671361502, 0.6587056191314554, 0.6008729460093897, 0.5431836243153365, 0.4568197378716745], [0.16334176459036337, 0.20872984813039477, 0.2160842776111967, 0.22113856403667229, 0.22639136277080887, 0.23085060716608133, 0.2341786415923929, 0.24218885633680556, 0.2541171890282668, 0.27382239399941316, 0.2963834329763302, 0.337511614827856, 0.37893406445618155, 0.4169304455203443, 0.46419118006651017, 0.5221791250978091, 0.5733237969483568, 0.625198674687011, 0.6801685983959311, 0.7394745207355242, 0.8055537216353678, 0.8694163243348982, 0.9343976183489828, 0.9998612333724569, 0.9391853726525822, 0.8830429626369327, 0.8263711609937402, 0.7685158695226917, 0.7094202366979656, 0.6487767752347418, 0.5898730927230047, 0.49450893730438183], [0.1851548111308162, 0.23506614314931473, 0.24364124948803062, 0.24867843365258827, 0.25411475454697585, 0.2566280572440516, 0.2580445386620941, 0.2629041788163879, 0.26958101418842917, 0.2842380672926448, 0.30088501931729267, 0.33303501564945226, 0.3636327513693271, 0.3960054161776213, 0.436973053599374, 0.4896285700312989, 0.5352155467527386, 0.582655394170579, 0.6336512128325509, 0.68949469385759, 0.7529440532081377, 0.814242835485133, 0.8751956181533647, 0.9391853726525822, 0.9999370354068857, 0.9420505672926448, 0.8802016089593114, 0.8193013986697966, 0.758002005086072, 0.6948851965962441, 0.6346873777386541, 0.5290013081964007], [0.19062588323076754, 0.2404426485160147, 0.24961493407056926, 0.25425652875586857, 0.25968781980177236, 0.2612323177439133, 0.2615238152386064, 0.2647880733292987, 0.2685094316986991, 0.2806066760807903, 0.2938695104655712, 0.32076165761932707, 0.3448903927034429, 0.37334091353677623, 0.4103313893779343, 0.4588828980829421, 0.5006901652973396, 0.544886113556338, 0.592649647887324, 0.6452929381846635, 0.7057566754694836, 0.7640765600547731, 0.821579127543036, 0.8830429626369327, 0.9420505672926448, 0.9996955692488263, 0.9353451437793427, 0.8718377102895148, 0.8076462245696401, 0.7417614192097026, 0.6792265747261346, 0.5674182682902973], [0.14953979766797945, 0.18864831551326458, 0.1949659460960233, 0.19878848110193004, 0.2030860959084381, 0.20551213725631787, 0.20692255321616113, 0.2122898006289964, 0.22008219496558343, 0.23448916153169014, 0.25026148645344287, 0.28000064187206575, 0.30901325924295775, 0.3385581719483568, 0.37611288390062597, 0.4231987847222222, 0.4644485401995305, 0.5072644635172144, 0.5534395173122065, 0.6034330985915493, 0.6594422437402191, 0.713376002543036, 0.7694884585289515, 0.8263711609937402, 0.8802016089593114, 0.9353451437793427, 0.999639329029734, 0.9337722515649453, 0.8637433978873239, 0.7921055848982785, 0.7218554381846636, 0.6136578149452269], [0.13826085047356212, 0.17424421041784152, 0.18048735545461353, 0.18420759549536428, 0.18825089718814186, 0.19030184320440874, 0.19112194080681122, 0.19594053378873774, 0.20272298224841673, 0.21601294575722566, 0.23051324166788928, 0.2579068704763302, 0.28446256968896716, 0.31196831597222224, 0.34691091427034426, 0.390219397985133, 0.428489033157277, 0.4690770491001565, 0.5124095266040689, 0.5591460656298904, 0.6116759585289515, 0.662044576486698, 0.7150014671361502, 0.7685158695226917, 0.8193013986697966, 0.8718377102895148, 0.9337722515649453, 0.9995598591549296, 0.9261804332942097, 0.8501809467918623, 0.7760068221830986, 0.6644338688380281], [0.14439363643783545, 0.179880793963986, 0.18691183412578743, 0.19048132142737065, 0.19457949786119058, 0.19566396913244877, 0.19539011371714035, 0.19804458431608055, 0.20176994356564326, 0.2122973900259194, 0.22323574967600743, 0.24545386468114241, 0.2657882188967136, 0.28960625733568074, 0.32076914612676055, 0.35989522202660407, 0.3940021640258216, 0.43127598053599375, 0.4709662925469484, 0.5137794649843506, 0.5626800298317683, 0.6103445324726134, 0.6587056191314554, 0.7094202366979656, 0.758002005086072, 0.8076462245696401, 0.8637433978873239, 0.9261804332942097, 0.9995048415492958, 0.920948258998435, 0.844935935054773, 0.7256351476917058], [0.15460375441072133, 0.1901457325393605, 0.1979723552769525, 0.20144652126354046, 0.20594161038107714, 0.20580614594413268, 0.20455507687373153, 0.2055575518540933, 0.20534994993970987, 0.2119292997978103, 0.21849735839079618, 0.2336192720559468, 0.24712655271909234, 0.26692081743935836, 0.2932352797339593, 0.32778098713810644, 0.3578222809076682, 0.3915948381259781, 0.42726091793818466, 0.46682805164319247, 0.5127289343701096, 0.5573989509976526, 0.6008729460093897, 0.6487767752347418, 0.6948851965962441, 0.7417614192097026, 0.7921055848982785, 0.8501809467918623, 0.920948258998435, 0.9998331132629108, 0.9236863018388106, 0.7958920187793427], [0.17961526849833265, 0.2141423334351541, 0.22489233002043293, 0.22927986318143506, 0.23527885102703353, 0.2334097812992866, 0.23072250057274188, 0.22856710848860523, 0.22247110047437402, 0.22392751965351135, 0.22441455918671752, 0.230739482467723, 0.23419344190140845, 0.2485125379010172, 0.2687208101036776, 0.29854126931729263, 0.3228818221830986, 0.3521212343505477, 0.3835035822574335, 0.419933489827856, 0.4632366246087637, 0.5056087392410016, 0.5431836243153365, 0.5898730927230047, 0.6346873777386541, 0.6792265747261346, 0.7218554381846636, 0.7760068221830986, 0.844935935054773, 0.9236863018388106, 1.0000703002738653, 0.8750525723787167], [0.09894950841327602, 0.10332621998257108, 0.1102829272012009, 0.1150742083088333, 0.11868338308797009, 0.12003866085237554, 0.1228674999051997, 0.12660392185145514, 0.13154490549985978, 0.13993760229836047, 0.14692305145502463, 0.16060499301725337, 0.17484757448772495, 0.19157703381748825, 0.21311230010269952, 0.24150872029049295, 0.26406311130672927, 0.2904646848102504, 0.3193224887519562, 0.35077055213223785, 0.3866294992175274, 0.42165248435054775, 0.4568197378716745, 0.49450893730438183, 0.5290013081964007, 0.5674182682902973, 0.6136578149452269, 0.6644338688380281, 0.7256351476917058, 0.7958920187793427, 0.8750525723787167, 0.9999394806338028]], "count": 6390}