{"accumulated_matrix": [[6381.0625, 5139.12109375, 4864.265625, 4762.61328125, 4652.0, 4484.40234375, 4365.3671875, 4127.140625, 3437.81640625, 2934.62109375, 2318.041015625, 1851.658203125, 1463.6376953125, 1287.6728515625, 1044.455810546875, 885.1974945068359, 736.4907608032227, 680.8604583740234, 641.2316093444824, 642.9356842041016, 696.8477172851562, 796.0595703125, 806.2754411697388, 940.31298828125, 1095.829002380371, 1170.9163284301758, 975.7186813354492, 964.9883270263672, 1095.589256286621, 1268.742919921875, 1479.61572265625, 129.1353988647461], [5139.12109375, 6379.9609375, 5993.5859375, 5782.765625, 5602.765625, 5405.08203125, 5253.7421875, 4984.0, 4195.01953125, 3609.140625, 2899.572265625, 2377.6875, 1924.06640625, 1715.443359375, 1428.9443359375, 1242.745361328125, 1081.4503173828125, 1008.127197265625, 951.7108154296875, 936.938232421875, 983.21240234375, 1086.057861328125, 1080.8783111572266, 1215.514928817749, 1382.0470170974731, 1454.5641117095947, 1222.7534484863281, 1200.1448106765747, 1329.2155380249023, 1504.519775390625, 1691.66455078125, 105.77604103088379], [4864.265625, 5993.5859375, 6381.36328125, 6205.93359375, 6036.76171875, 5837.625, 5679.3046875, 5382.671875, 4528.478515625, 3892.01953125, 3120.181640625, 2547.2548828125, 2050.7919921875, 1828.4921875, 1521.70654296875, 1322.429443359375, 1143.8470458984375, 1069.058837890625, 1008.911376953125, 995.6806640625, 1049.542236328125, 1165.570556640625, 1164.9709777832031, 1317.7995910644531, 1505.0870914459229, 1587.012020111084, 1329.4347190856934, 1305.72021484375, 1452.526653289795, 1652.0849609375, 1871.7265625, 123.63216757774353], [4762.61328125, 5782.765625, 6205.93359375, 6380.3984375, 6243.4375, 6051.45703125, 5897.46875, 5586.3671875, 4692.62890625, 4029.7265625, 3222.677734375, 2618.431640625, 2099.7431640625, 1870.68505859375, 1549.94384765625, 1342.068603515625, 1152.4539794921875, 1076.09765625, 1015.408447265625, 1005.183837890625, 1063.08837890625, 1190.656494140625, 1194.4546813964844, 1359.7970275878906, 1561.2136144638062, 1650.2589330673218, 1376.1803588867188, 1353.1183166503906, 1512.1707077026367, 1728.765625, 1976.3310546875, 128.86388659477234], [4652.0, 5602.765625, 6036.76171875, 6243.4375, 6380.7265625, 6209.3359375, 6066.40625, 5753.90234375, 4839.72265625, 4162.1015625, 3329.962890625, 2707.0966796875, 2171.123046875, 1936.8095703125, 1606.0986328125, 1388.862060546875, 1193.8661499023438, 1113.7615966796875, 1050.8464965820312, 1039.735107421875, 1099.00830078125, 1231.345703125, 1235.7317581176758, 1408.1552200317383, 1617.6866264343262, 1710.693790435791, 1426.2636337280273, 1403.2301940917969, 1569.3986220359802, 1796.533203125, 2060.37841796875, 138.10821294784546], [4484.40234375, 5405.08203125, 5837.625, 6051.45703125, 6209.3359375, 6381.40234375, 6247.15234375, 5946.25390625, 5020.0703125, 4318.90625, 3480.595703125, 2843.26171875, 2296.45703125, 2052.4833984375, 1708.482421875, 1481.412109375, 1276.4912109375, 1187.430908203125, 1117.310791015625, 1102.655517578125, 1156.62841796875, 1285.88037109375, 1286.2088775634766, 1454.5302085876465, 1661.8317642211914, 1752.066047668457, 1462.2953491210938, 1436.1367797851562, 1601.644760131836, 1828.89404296875, 2093.55029296875, 159.90232849121094], [4365.3671875, 5253.7421875, 5679.3046875, 5897.46875, 6066.40625, 6247.15234375, 6381.10546875, 6094.31640625, 5169.94140625, 4453.54296875, 3602.74609375, 2960.833984375, 2407.7197265625, 2156.0537109375, 1801.7021484375, 1562.70458984375, 1349.2822265625, 1252.703369140625, 1174.305419921875, 1153.71240234375, 1200.55126953125, 1323.20458984375, 1318.4877319335938, 1480.6275939941406, 1683.3241119384766, 1768.5434226989746, 1480.8908996582031, 1450.826992034912, 1610.491828918457, 1831.0712890625, 2090.3515625, 180.02784061431885], [4127.140625, 4984.0, 5382.671875, 5586.3671875, 5753.90234375, 5946.25390625, 6094.31640625, 6381.4375, 5473.6015625, 4721.1171875, 3839.107421875, 3193.90625, 2635.984375, 2364.30859375, 1991.431640625, 1733.4375, 1510.82275390625, 1396.72412109375, 1302.6513671875, 1267.146484375, 1295.29541015625, 1398.4990234375, 1384.1976318359375, 1525.159423828125, 1707.5460205078125, 1778.7803144454956, 1500.5911254882812, 1464.28076171875, 1603.6950817108154, 1802.333984375, 2035.27880859375, 219.72334003448486], [3437.81640625, 4195.01953125, 4528.478515625, 4692.62890625, 4839.72265625, 5020.0703125, 5169.94140625, 5473.6015625, 6380.77734375, 5555.13671875, 4599.625, 3919.896484375, 3338.615234375, 3004.015625, 2563.48828125, 2255.4033203125, 1990.4775390625, 1830.146484375, 1688.736328125, 1608.75390625, 1583.6591796875, 1630.0458984375, 1582.03857421875, 1660.85302734375, 1779.44873046875, 1812.21484375, 1562.267822265625, 1509.4386291503906, 1596.480712890625, 1733.9130859375, 1886.8388671875, 362.0995373725891], [2934.62109375, 3609.140625, 3892.01953125, 4029.7265625, 4162.1015625, 4318.90625, 4453.54296875, 4721.1171875, 5555.13671875, 6380.06640625, 5386.0859375, 4666.11328125, 4044.181640625, 3641.42578125, 3128.1953125, 2752.037109375, 2443.3125, 2245.982421875, 2065.75390625, 1950.0439453125, 1876.0703125, 1874.705078125, 1790.94140625, 1820.25390625, 1887.98046875, 1887.46484375, 1652.21435546875, 1580.2447509765625, 1626.69873046875, 1715.8759765625, 1812.62890625, 509.30312728881836], [2318.041015625, 2899.572265625, 3120.181640625, 3222.677734375, 3329.962890625, 3480.595703125, 3602.74609375, 3839.107421875, 4599.625, 5386.0859375, 6382.0625, 5624.3671875, 4958.90234375, 4475.953125, 3880.73828125, 3420.73828125, 3054.533203125, 2798.21484375, 2558.294921875, 2392.103515625, 2258.6171875, 2196.828125, 2070.451171875, 2034.4541015625, 2034.853515625, 1991.7314453125, 1777.4326171875, 1683.33349609375, 1672.123046875, 1695.7578125, 1719.4072265625, 690.243034362793], [1851.658203125, 2377.6875, 2547.2548828125, 2618.431640625, 2707.0966796875, 2843.26171875, 2960.833984375, 3193.90625, 3919.896484375, 4666.11328125, 5624.3671875, 6382.3984375, 5674.8203125, 5130.21875, 4470.83203125, 3949.6484375, 3541.8984375, 3233.8046875, 2953.626953125, 2745.2109375, 2562.322265625, 2450.6640625, 2289.2578125, 2200.12890625, 2144.2587890625, 2065.55859375, 1868.1103515625, 1758.126953125, 1703.4287109375, 1670.564453125, 1628.2001953125, 816.9816617965698], [1463.6376953125, 1924.06640625, 2050.7919921875, 2099.7431640625, 2171.123046875, 2296.45703125, 2407.7197265625, 2635.984375, 3338.615234375, 4044.181640625, 4958.90234375, 5674.8203125, 6381.5859375, 5795.71484375, 5087.76953125, 4498.15234375, 4040.03515625, 3690.3203125, 3370.486328125, 3117.607421875, 2893.451171875, 2732.185546875, 2540.591796875, 2404.90625, 2298.73828125, 2188.94140625, 2005.298828125, 1875.7314453125, 1778.2236328125, 1694.533203125, 1596.81640625, 964.7857971191406], [1287.6728515625, 1715.443359375, 1828.4921875, 1870.68505859375, 1936.8095703125, 2052.4833984375, 2156.0537109375, 2364.30859375, 3004.015625, 3641.42578125, 4475.953125, 5130.21875, 5795.71484375, 6381.046875, 5634.44921875, 4989.3984375, 4483.9453125, 4097.9140625, 3744.453125, 3459.90625, 3205.576171875, 3011.013671875, 2798.181640625, 2634.63671875, 2502.357421875, 2372.51171875, 2187.552734375, 2041.52734375, 1917.44921875, 1804.8681640625, 1679.9248046875, 1097.2499389648438], [1044.455810546875, 1428.9443359375, 1521.70654296875, 1549.94384765625, 1606.0986328125, 1708.482421875, 1801.7021484375, 1991.431640625, 2563.48828125, 3128.1953125, 3880.73828125, 4470.83203125, 5087.76953125, 5634.44921875, 6381.08984375, 5676.28515625, 5127.1484375, 4690.390625, 4287.15625, 3957.25390625, 3659.30859375, 3413.375, 3164.298828125, 2958.5703125, 2787.234375, 2625.98828125, 2438.4765625, 2272.4453125, 2110.826171875, 1953.77734375, 1785.1826171875, 1297.00244140625], [885.1974945068359, 1242.745361328125, 1322.429443359375, 1342.068603515625, 1388.862060546875, 1481.412109375, 1562.70458984375, 1733.4375, 2255.4033203125, 2752.037109375, 3420.73828125, 3949.6484375, 4498.15234375, 4989.3984375, 5676.28515625, 6380.703125, 5791.5234375, 5310.79296875, 4864.80859375, 4487.671875, 4148.3984375, 3860.20703125, 3576.791015625, 3333.6015625, 3124.61328125, 2935.44921875, 2737.240234375, 2546.37890625, 2352.751953125, 2156.384765625, 1948.16015625, 1503.6875], [736.4907608032227, 1081.4503173828125, 1143.8470458984375, 1152.4539794921875, 1193.8661499023438, 1276.4912109375, 1349.2822265625, 1510.82275390625, 1990.4775390625, 2443.3125, 3054.533203125, 3541.8984375, 4040.03515625, 4483.9453125, 5127.1484375, 5791.5234375, 6379.61328125, 5866.86328125, 5389.57421875, 4978.89453125, 4604.83203125, 4281.36328125, 3967.28515625, 3684.515625, 3440.26171875, 3224.5234375, 3019.201171875, 2806.294921875, 2580.0078125, 2347.51171875, 2098.6171875, 1703.9404296875], [680.8604583740234, 1008.127197265625, 1069.058837890625, 1076.09765625, 1113.7615966796875, 1187.430908203125, 1252.703369140625, 1396.72412109375, 1830.146484375, 2245.982421875, 2798.21484375, 3233.8046875, 3690.3203125, 4097.9140625, 4690.390625, 5310.79296875, 5866.86328125, 6378.83203125, 5873.375, 5434.390625, 5028.93359375, 4675.0, 4338.47265625, 4029.12109375, 3761.21875, 3523.509765625, 3304.791015625, 3071.5859375, 2822.513671875, 2564.458984375, 2290.794921875, 1898.826171875], [641.2316093444824, 951.7108154296875, 1008.911376953125, 1015.408447265625, 1050.8464965820312, 1117.310791015625, 1174.305419921875, 1302.6513671875, 1688.736328125, 2065.75390625, 2558.294921875, 2953.626953125, 3370.486328125, 3744.453125, 4287.15625, 4864.80859375, 5389.57421875, 5873.375, 6378.46484375, 5909.98046875, 5473.5859375, 5091.078125, 4731.13671875, 4396.8359375, 4103.93359375, 3844.15234375, 3611.283203125, 3357.982421875, 3086.2421875, 2798.490234375, 2499.005859375, 2105.2607421875], [642.9356842041016, 936.938232421875, 995.6806640625, 1005.183837890625, 1039.735107421875, 1102.655517578125, 1153.71240234375, 1267.146484375, 1608.75390625, 1950.0439453125, 2392.103515625, 2745.2109375, 3117.607421875, 3459.90625, 3957.25390625, 4487.671875, 4978.89453125, 5434.390625, 5909.98046875, 6379.87890625, 5920.47265625, 5514.5859375, 5131.73828125, 4774.484375, 4459.75390625, 4177.78125, 3925.9921875, 3652.7265625, 3354.857421875, 3043.630859375, 2726.494140625, 2314.189453125], [696.8477172851562, 983.21240234375, 1049.542236328125, 1063.08837890625, 1099.00830078125, 1156.62841796875, 1200.55126953125, 1295.29541015625, 1583.6591796875, 1876.0703125, 2258.6171875, 2562.322265625, 2893.451171875, 3205.576171875, 3659.30859375, 4148.3984375, 4604.83203125, 5028.93359375, 5473.5859375, 5920.47265625, 6382.54296875, 5957.46484375, 5557.078125, 5181.12890625, 4849.2578125, 4549.9765625, 4275.98828125, 3981.94140625, 3664.69921875, 3334.060546875, 3001.490234375, 2546.65625], [796.0595703125, 1086.057861328125, 1165.570556640625, 1190.656494140625, 1231.345703125, 1285.88037109375, 1323.20458984375, 1398.4990234375, 1630.0458984375, 1874.705078125, 2196.828125, 2450.6640625, 2732.185546875, 3011.013671875, 3413.375, 3860.20703125, 4281.36328125, 4675.0, 5091.078125, 5514.5859375, 5957.46484375, 6382.09765625, 5961.390625, 5572.65234375, 5227.23828125, 4913.04296875, 4613.85546875, 4301.15625, 3970.6875, 3626.7421875, 3288.77734375, 2763.740234375], [806.2754411697388, 1080.8783111572266, 1164.9709777832031, 1194.4546813964844, 1235.7317581176758, 1286.2088775634766, 1318.4877319335938, 1384.1976318359375, 1582.03857421875, 1790.94140625, 2070.451171875, 2289.2578125, 2540.591796875, 2798.181640625, 3164.298828125, 3576.791015625, 3967.28515625, 4338.47265625, 4731.13671875, 5131.73828125, 5557.078125, 5961.390625, 6381.5390625, 5974.76171875, 5610.70703125, 5276.546875, 4959.640625, 4627.9375, 4275.83203125, 3907.33984375, 3548.822265625, 2997.685546875], [940.31298828125, 1215.514928817749, 1317.7995910644531, 1359.7970275878906, 1408.1552200317383, 1454.5302085876465, 1480.6275939941406, 1525.159423828125, 1660.85302734375, 1820.25390625, 2034.4541015625, 2200.12890625, 2404.90625, 2634.63671875, 2958.5703125, 3333.6015625, 3684.515625, 4029.12109375, 4396.8359375, 4774.484375, 5181.12890625, 5572.65234375, 5974.76171875, 6381.80078125, 6010.62890625, 5664.2734375, 5321.00390625, 4971.703125, 4610.5625, 4232.625, 3874.04296875, 3234.34765625], [1095.829002380371, 1382.0470170974731, 1505.0870914459229, 1561.2136144638062, 1617.6866264343262, 1661.8317642211914, 1683.3241119384766, 1707.5460205078125, 1779.44873046875, 1887.98046875, 2034.853515625, 2144.2587890625, 2298.73828125, 2502.357421875, 2787.234375, 3124.61328125, 3440.26171875, 3761.21875, 4103.93359375, 4459.75390625, 4849.2578125, 5227.23828125, 5610.70703125, 6010.62890625, 6382.0390625, 6028.078125, 5658.43359375, 5295.4375, 4928.55859375, 4542.1875, 4186.33203125, 3442.837890625], [1170.9163284301758, 1454.5641117095947, 1587.012020111084, 1650.2589330673218, 1710.693790435791, 1752.066047668457, 1768.5434226989746, 1778.7803144454956, 1812.21484375, 1887.46484375, 1991.7314453125, 2065.55859375, 2188.94140625, 2372.51171875, 2625.98828125, 2935.44921875, 3224.5234375, 3523.509765625, 3844.15234375, 4177.78125, 4549.9765625, 4913.04296875, 5276.546875, 5664.2734375, 6028.078125, 6379.8125, 5994.37109375, 5616.73828125, 5239.046875, 4840.89453125, 4477.0078125, 3680.388671875], [975.7186813354492, 1222.7534484863281, 1329.4347190856934, 1376.1803588867188, 1426.2636337280273, 1462.2953491210938, 1480.8908996582031, 1500.5911254882812, 1562.267822265625, 1652.21435546875, 1777.4326171875, 1868.1103515625, 2005.298828125, 2187.552734375, 2438.4765625, 2737.240234375, 3019.201171875, 3304.791015625, 3611.283203125, 3925.9921875, 4275.98828125, 4613.85546875, 4959.640625, 5321.00390625, 5658.43359375, 5994.37109375, 6380.33984375, 5982.859375, 5566.359375, 5120.0390625, 4707.03125, 4026.607421875], [964.9883270263672, 1200.1448106765747, 1305.72021484375, 1353.1183166503906, 1403.2301940917969, 1436.1367797851562, 1450.826992034912, 1464.28076171875, 1509.4386291503906, 1580.2447509765625, 1683.33349609375, 1758.126953125, 1875.7314453125, 2041.52734375, 2272.4453125, 2546.37890625, 2806.294921875, 3071.5859375, 3357.982421875, 3652.7265625, 3981.94140625, 4301.15625, 4627.9375, 4971.703125, 5295.4375, 5616.73828125, 5982.859375, 6378.8984375, 5943.08984375, 5471.0, 5035.18359375, 4361.189453125], [1095.589256286621, 1329.2155380249023, 1452.526653289795, 1512.1707077026367, 1569.3986220359802, 1601.644760131836, 1610.491828918457, 1603.6950817108154, 1596.480712890625, 1626.69873046875, 1672.123046875, 1703.4287109375, 1778.2236328125, 1917.44921875, 2110.826171875, 2352.751953125, 2580.0078125, 2822.513671875, 3086.2421875, 3354.857421875, 3664.69921875, 3970.6875, 4275.83203125, 4610.5625, 4928.55859375, 5239.046875, 5566.359375, 5943.08984375, 6378.37109375, 5906.26953125, 5474.9609375, 4722.59765625], [1268.742919921875, 1504.519775390625, 1652.0849609375, 1728.765625, 1796.533203125, 1828.89404296875, 1831.0712890625, 1802.333984375, 1733.9130859375, 1715.8759765625, 1695.7578125, 1670.564453125, 1694.533203125, 1804.8681640625, 1953.77734375, 2156.384765625, 2347.51171875, 2564.458984375, 2798.490234375, 3043.630859375, 3334.060546875, 3626.7421875, 3907.33984375, 4232.625, 4542.1875, 4840.89453125, 5120.0390625, 5471.0, 5906.26953125, 6381.5390625, 5973.3125, 5119.50390625], [1479.61572265625, 1691.66455078125, 1871.7265625, 1976.3310546875, 2060.37841796875, 2093.55029296875, 2090.3515625, 2035.27880859375, 1886.8388671875, 1812.62890625, 1719.4072265625, 1628.2001953125, 1596.81640625, 1679.9248046875, 1785.1826171875, 1948.16015625, 2098.6171875, 2290.794921875, 2499.005859375, 2726.494140625, 3001.490234375, 3288.77734375, 3548.822265625, 3874.04296875, 4186.33203125, 4477.0078125, 4707.03125, 5035.18359375, 5474.9609375, 5973.3125, 6381.8671875, 5448.09375], [129.1353988647461, 105.77604103088379, 123.63216757774353, 128.86388659477234, 138.10821294784546, 159.90232849121094, 180.02784061431885, 219.72334003448486, 362.0995373725891, 509.30312728881836, 690.243034362793, 816.9816617965698, 964.7857971191406, 1097.2499389648438, 1297.00244140625, 1503.6875, 1703.9404296875, 1898.826171875, 2105.2607421875, 2314.189453125, 2546.65625, 2763.740234375, 2997.685546875, 3234.34765625, 3442.837890625, 3680.388671875, 4026.607421875, 4361.189453125, 4722.59765625, 5119.50390625, 5448.09375, 6381.51171875]], "average_matrix": [[0.9998531024757129, 0.8052524433954873, 0.7621851496396114, 0.7462571734957694, 0.7289251018489502, 0.7026641090175494, 0.6840124079442181, 0.6466845228768411, 0.5386738336336572, 0.45982781161861486, 0.36321545215057977, 0.2901376062558759, 0.229338404154262, 0.20176635091859918, 0.16365650431633894, 0.1387022084780376, 0.11540124738377039, 0.10668449676810145, 0.10047502496779731, 0.10074203763774703, 0.1091895514392285, 0.1247351254015199, 0.12633585728137556, 0.14733829336904575, 0.1717062053244079, 0.18347169044659603, 0.15288603593473038, 0.15120468928648811, 0.17166863934293655, 0.19880020681947275, 0.23184201232470228, 0.020234315083789735], [0.8052524433954873, 0.9996804978846756, 0.9391391315418364, 0.9061055507677844, 0.8779012261046694, 0.8469260468896898, 0.8232125019586336, 0.7809464117831401, 0.6573205157082419, 0.5655187441240991, 0.45433598646584145, 0.37256150109683484, 0.3014832977514886, 0.2687940080499843, 0.22390227764611406, 0.1947266313582145, 0.1694531992138534, 0.15796414874108822, 0.1491242267987602, 0.14680950053617597, 0.15406023226946883, 0.17017515846570433, 0.16936357116221037, 0.19045987602910514, 0.21655390427725998, 0.227916658055405, 0.19159408468917707, 0.18805152157263785, 0.20827570323173022, 0.23574424559552257, 0.26506809006287213, 0.01657412112674456], [0.7621851496396114, 0.9391391315418364, 0.9999002320980884, 0.9724120328658727, 0.9459043746082733, 0.9147015042306487, 0.8898941848166719, 0.8434145839862112, 0.7095704349146036, 0.609843235858665, 0.4889034222226575, 0.39913113174749293, 0.3213400175787371, 0.28650770722344093, 0.23843725211042777, 0.20721238535872374, 0.1792301858192475, 0.16751156971022016, 0.15808702239942415, 0.15601389283335945, 0.16445349989472344, 0.18263405776255484, 0.18254010933613338, 0.2064869305961224, 0.2358331387411349, 0.24867001255266125, 0.20831004686394444, 0.20459420477025228, 0.22759740728451816, 0.2588663367185052, 0.29328213138514575, 0.019372009962040665], [0.7462571734957694, 0.9061055507677844, 0.9724120328658727, 0.9997490500626762, 0.978288545910373, 0.9482069933014728, 0.9240784628643058, 0.8753317435756816, 0.7352912733077405, 0.6314206459573801, 0.5049636061383579, 0.4102838672242244, 0.32901021060208396, 0.2931189374167581, 0.24286177493830305, 0.21028965896515592, 0.18057881220498082, 0.16861448703384518, 0.15910505284638438, 0.15750295172212864, 0.16657605435698056, 0.18656479068326934, 0.18715993127491137, 0.2130675380112646, 0.24462764250451366, 0.2585802151468696, 0.2156346535391286, 0.21202104616897377, 0.23694307547831975, 0.2708814830774052, 0.30967268171223755, 0.020191771638165518], [0.7289251018489502, 0.8779012261046694, 0.9459043746082733, 0.978288545910373, 0.9998004641961767, 0.9729451484644313, 0.9505493967408336, 0.9015829432387966, 0.7583394948683798, 0.6521625763867126, 0.521774191573958, 0.4241768536019273, 0.34019477387574426, 0.30348003295401127, 0.2516607071157161, 0.21762175815526089, 0.18706771386749355, 0.1745160759447959, 0.16465786533720328, 0.1629168140742518, 0.1722043717927374, 0.19294041101927295, 0.193627665013738, 0.22064481667686278, 0.2534764378618499, 0.2680497948034771, 0.2234822365603302, 0.21987311095139406, 0.24591015700971172, 0.2815000318277969, 0.3228421212736995, 0.021640271536798098], [0.7026641090175494, 0.8469260468896898, 0.9147015042306487, 0.9482069933014728, 0.9729451484644313, 0.999906352828267, 0.9788706273503603, 0.9317226427843937, 0.7865982940300846, 0.6767324114697587, 0.5453769512887809, 0.44551264787684114, 0.3598334426903792, 0.3216050451954716, 0.2677032939321529, 0.2321234894037919, 0.20001429190496708, 0.18605937138876918, 0.17507220166336962, 0.1727758567186031, 0.18123290786097618, 0.20148548591252743, 0.20153695981878353, 0.22791134575174654, 0.2603935700753982, 0.27453244244256614, 0.229128070999858, 0.22502926665389475, 0.2509628267207515, 0.28657067423515353, 0.32803984534138986, 0.025055206595300993], [0.6840124079442181, 0.8232125019586336, 0.8898941848166719, 0.9240784628643058, 0.9505493967408336, 0.9788706273503603, 0.9998598352789094, 0.9549226584534629, 0.8100816995064243, 0.6978287321764337, 0.5645167805938577, 0.4639351276049828, 0.37726727147641803, 0.3378335491910843, 0.2823099574486838, 0.24486126446940615, 0.2114199665563303, 0.1962869584990011, 0.18400272953962316, 0.18077599535314165, 0.18811520989207928, 0.2073338435982059, 0.20659475586549572, 0.232000563145431, 0.2637612209242364, 0.2771142937478807, 0.23204182069229132, 0.2273310861853513, 0.2523490800561669, 0.2869118284334848, 0.3275386340488875, 0.028208687028254284], [0.6466845228768411, 0.7809464117831401, 0.8434145839862112, 0.8753317435756816, 0.9015829432387966, 0.9317226427843937, 0.9549226584534629, 0.9999118614854278, 0.8576624196960201, 0.7397551218270135, 0.6015524007952052, 0.5004553823252899, 0.41303421732999057, 0.37046515101065497, 0.3120388029810404, 0.27161352240676906, 0.2367318636644077, 0.2188536698674005, 0.20411334490559385, 0.19855006022798496, 0.2029607349038311, 0.21913178054489188, 0.21689088559008735, 0.23897828640365482, 0.26755656855340215, 0.27871831940543645, 0.23512866272144803, 0.22943916667482764, 0.2512840930289589, 0.2824089602593231, 0.31890924609742244, 0.034428602324425704], [0.5386738336336572, 0.6573205157082419, 0.7095704349146036, 0.7352912733077405, 0.7583394948683798, 0.7865982940300846, 0.8100816995064243, 0.8576624196960201, 0.9998084211454089, 0.8704382197978691, 0.7207184268254466, 0.6142112949506424, 0.523129933308524, 0.4707012887809464, 0.401674754191476, 0.35340070829089626, 0.31188930414642746, 0.2867669201465058, 0.26460926482685676, 0.25207676374960825, 0.24814465366460356, 0.2554130207517236, 0.24789071987131778, 0.2602402111162253, 0.27882305397504703, 0.2839571989580069, 0.24479282705509636, 0.23651498419780487, 0.2501536685820472, 0.2716880422966938, 0.2956500888730022, 0.056737627291223613], [0.45982781161861486, 0.5655187441240991, 0.609843235858665, 0.6314206459573801, 0.6521625763867126, 0.6767324114697587, 0.6978287321764337, 0.7397551218270135, 0.8704382197978691, 0.999697023856158, 0.8439495358038233, 0.7311365216624882, 0.6336856221599811, 0.5705775276167345, 0.49015909001880287, 0.43121860065418366, 0.38284432779692884, 0.35192454119006583, 0.32368441025540584, 0.3055537363385302, 0.29396275658100907, 0.2937488370612661, 0.28062384930272644, 0.2852168452287684, 0.2958289672124726, 0.2957481735741147, 0.2588866116372219, 0.2476096444651461, 0.25488855068454247, 0.26886179513671266, 0.28402207869790036, 0.07980305974440902], [0.36321545215057977, 0.45433598646584145, 0.4889034222226575, 0.5049636061383579, 0.521774191573958, 0.5453769512887809, 0.5645167805938577, 0.6015524007952052, 0.7207184268254466, 0.8439495358038233, 1.0000097931682859, 0.8812859898934503, 0.777013842643372, 0.7013401950799123, 0.6080755689830774, 0.5359978503995613, 0.4786169230844563, 0.438454221834848, 0.4008610031142275, 0.3748203565692573, 0.3539042913663428, 0.34422252036979, 0.32442042805938576, 0.3187800221815262, 0.3188426066476026, 0.31208577958516137, 0.2785071477887026, 0.26376269133402536, 0.2620061182818866, 0.26570946607646506, 0.26941510914486055, 0.10815465909789924], [0.2901376062558759, 0.37256150109683484, 0.39913113174749293, 0.4102838672242244, 0.4241768536019273, 0.44551264787684114, 0.4639351276049828, 0.5004553823252899, 0.6142112949506424, 0.7311365216624882, 0.8812859898934503, 1.000062431447822, 0.8891915249921655, 0.8038575289877782, 0.7005377673534942, 0.618873149091194, 0.5549825191946098, 0.5067070961297399, 0.462805852887026, 0.4301490030554685, 0.401492050395644, 0.3839962492165465, 0.35870539211845814, 0.34473972206988407, 0.33598539471364774, 0.3236538066045127, 0.29271550478885927, 0.2754821299161705, 0.26691142446529303, 0.2617619011477593, 0.25512381625078345, 0.12801342240623156], [0.229338404154262, 0.3014832977514886, 0.3213400175787371, 0.32901021060208396, 0.34019477387574426, 0.3598334426903792, 0.37726727147641803, 0.41303421732999057, 0.523129933308524, 0.6336856221599811, 0.777013842643372, 0.8891915249921655, 0.9999351202601066, 0.9081345728219994, 0.7972061315026637, 0.7048186060404262, 0.6330359066515199, 0.5782388455813224, 0.5281238370612661, 0.4885000661038859, 0.4533768680468505, 0.4281080455774052, 0.39808708819727356, 0.3768264258853024, 0.360190893332811, 0.34298674494672515, 0.3142116621944531, 0.2939096592467095, 0.2786310925748198, 0.2655175811853651, 0.2502062686070197, 0.15117295473505807], [0.20176635091859918, 0.2687940080499843, 0.28650770722344093, 0.2931189374167581, 0.30348003295401127, 0.3216050451954716, 0.3378335491910843, 0.37046515101065497, 0.4707012887809464, 0.5705775276167345, 0.7013401950799123, 0.8038575289877782, 0.9081345728219994, 0.9998506541836415, 0.8828657503525541, 0.7817922966938264, 0.7025924964744594, 0.6421049925571921, 0.5867209534628643, 0.5421351065496709, 0.5022839504661548, 0.4717978175924475, 0.43844901921419616, 0.412823052138828, 0.3920961174984331, 0.3717505043481667, 0.34276915298887495, 0.3198883333986211, 0.3004464460592291, 0.2828060426296615, 0.2632285811168129, 0.17192885286193102], [0.16365650431633894, 0.22390227764611406, 0.23843725211042777, 0.24286177493830305, 0.2516607071157161, 0.2677032939321529, 0.2823099574486838, 0.3120388029810404, 0.401674754191476, 0.49015909001880287, 0.6080755689830774, 0.7005377673534942, 0.7972061315026637, 0.8828657503525541, 0.999857386986838, 0.889421052373864, 0.803376439595738, 0.7349405554685051, 0.6717574819805704, 0.6200648552569727, 0.5733795978925101, 0.53484409276089, 0.49581617488639923, 0.4635804312911313, 0.43673368458163586, 0.41146792247727987, 0.3820865814008148, 0.35607102984957695, 0.33074681477201506, 0.30613872512535256, 0.27972150065614226, 0.20322821081263712], [0.1387022084780376, 0.1947266313582145, 0.20721238535872374, 0.21028965896515592, 0.21762175815526089, 0.2321234894037919, 0.24486126446940615, 0.27161352240676906, 0.35340070829089626, 0.43121860065418366, 0.5359978503995613, 0.618873149091194, 0.7048186060404262, 0.7817922966938264, 0.889421052373864, 0.9997967917580696, 0.9074778184738327, 0.832151828384519, 0.7622702277890944, 0.7031764141335005, 0.6500154242400501, 0.6048585132011909, 0.5604498614266687, 0.5223443375900971, 0.48959781906142275, 0.45995757109840174, 0.42890006806251957, 0.39899387437323725, 0.36865433298730804, 0.33788542237934815, 0.30525856412566593, 0.23561383578815417], [0.11540124738377039, 0.1694531992138534, 0.1792301858192475, 0.18057881220498082, 0.18706771386749355, 0.20001429190496708, 0.2114199665563303, 0.2367318636644077, 0.31188930414642746, 0.38284432779692884, 0.4786169230844563, 0.5549825191946098, 0.6330359066515199, 0.7025924964744594, 0.803376439595738, 0.9074778184738327, 0.9996260233860859, 0.9192828707693513, 0.8444961170087747, 0.7801464323487934, 0.7215343201582576, 0.6708497776950799, 0.6216366587668443, 0.5773293050767785, 0.5390569913428392, 0.5052528106392981, 0.4730807226378878, 0.4397202948722971, 0.4042632109840176, 0.3678332370338452, 0.32883378055468504, 0.26699160603063304], [0.10668449676810145, 0.15796414874108822, 0.16751156971022016, 0.16861448703384518, 0.1745160759447959, 0.18605937138876918, 0.1962869584990011, 0.2188536698674005, 0.2867669201465058, 0.35192454119006583, 0.438454221834848, 0.5067070961297399, 0.5782388455813224, 0.6421049925571921, 0.7349405554685051, 0.832151828384519, 0.9192828707693513, 0.9995036087825133, 0.9203031964901285, 0.8515184307427138, 0.7879870877076152, 0.732528987778126, 0.6797982852162332, 0.6313257746396114, 0.5893479708555311, 0.552101185463021, 0.5178299930468505, 0.48128892784393607, 0.44226162204246317, 0.4018268543364149, 0.35894624285098714, 0.2975283879465685], [0.10047502496779731, 0.1491242267987602, 0.15808702239942415, 0.15910505284638438, 0.16465786533720328, 0.17507220166336962, 0.18400272953962316, 0.20411334490559385, 0.26460926482685676, 0.32368441025540584, 0.4008610031142275, 0.462805852887026, 0.5281238370612661, 0.5867209534628643, 0.6717574819805704, 0.7622702277890944, 0.8444961170087747, 0.9203031964901285, 0.9994460739188342, 0.9260389327405202, 0.8576599714039486, 0.7977245573487934, 0.7413250891178313, 0.6889432681761204, 0.6430481970777185, 0.602342893097775, 0.5658544661743967, 0.5261645913310874, 0.48358542580695707, 0.4384973729826073, 0.39157095884910686, 0.3298747637398151], [0.10074203763774703, 0.14680950053617597, 0.15601389283335945, 0.15750295172212864, 0.1629168140742518, 0.1727758567186031, 0.18077599535314165, 0.19855006022798496, 0.25207676374960825, 0.3055537363385302, 0.3748203565692573, 0.4301490030554685, 0.4885000661038859, 0.5421351065496709, 0.6200648552569727, 0.7031764141335005, 0.7801464323487934, 0.8515184307427138, 0.9260389327405202, 0.9996676443513005, 0.9276829608664995, 0.864084289799436, 0.8040956253917267, 0.7481172633970542, 0.6988019282748354, 0.6546194374804136, 0.6151664348950172, 0.5723482548574115, 0.5256749329167972, 0.4769086272916014, 0.4272162551903792, 0.3626119481549671], [0.1091895514392285, 0.15406023226946883, 0.16445349989472344, 0.16657605435698056, 0.1722043717927374, 0.18123290786097618, 0.18811520989207928, 0.2029607349038311, 0.24814465366460356, 0.29396275658100907, 0.3539042913663428, 0.401492050395644, 0.4533768680468505, 0.5022839504661548, 0.5733795978925101, 0.6500154242400501, 0.7215343201582576, 0.7879870877076152, 0.8576599714039486, 0.9276829608664995, 1.000085078149483, 0.9334792923456596, 0.8707424200877468, 0.8118346766295832, 0.7598335651049828, 0.7129389787684112, 0.6700075652225008, 0.6239331567298653, 0.5742242586571608, 0.522416256169696, 0.47030558357489816, 0.3990373315575055], [0.1247351254015199, 0.17017515846570433, 0.18263405776255484, 0.18656479068326934, 0.19294041101927295, 0.20148548591252743, 0.2073338435982059, 0.21913178054489188, 0.2554130207517236, 0.2937488370612661, 0.34422252036979, 0.3839962492165465, 0.4281080455774052, 0.4717978175924475, 0.53484409276089, 0.6048585132011909, 0.6708497776950799, 0.732528987778126, 0.7977245573487934, 0.864084289799436, 0.9334792923456596, 1.0000153018254465, 0.9340944257286117, 0.8731827552099656, 0.8190595865324349, 0.7698281054136634, 0.7229482088295205, 0.6739511516765904, 0.6221697743654027, 0.5682767451425885, 0.5153207997101222, 0.4330523714157004], [0.12633585728137556, 0.16936357116221037, 0.18254010933613338, 0.18715993127491137, 0.193627665013738, 0.20153695981878353, 0.20659475586549572, 0.21689088559008735, 0.24789071987131778, 0.28062384930272644, 0.32442042805938576, 0.35870539211845814, 0.39808708819727356, 0.43844901921419616, 0.49581617488639923, 0.5604498614266687, 0.6216366587668443, 0.6797982852162332, 0.7413250891178313, 0.8040956253917267, 0.8707424200877468, 0.9340944257286117, 0.9999277753838922, 0.9361895516687558, 0.8791455705499843, 0.8267857842369163, 0.777129524443748, 0.7251547320589157, 0.6699830823017863, 0.6122437862347226, 0.5560674186187715, 0.46970942445549985], [0.14733829336904575, 0.19045987602910514, 0.2064869305961224, 0.2130675380112646, 0.22064481667686278, 0.22791134575174654, 0.232000563145431, 0.23897828640365482, 0.2602402111162253, 0.2852168452287684, 0.3187800221815262, 0.34473972206988407, 0.3768264258853024, 0.412823052138828, 0.4635804312911313, 0.5223443375900971, 0.5773293050767785, 0.6313257746396114, 0.6889432681761204, 0.7481172633970542, 0.8118346766295832, 0.8731827552099656, 0.9361895516687558, 0.999968784276089, 0.9418096061187715, 0.8875389278439361, 0.8337517872532122, 0.7790196059229082, 0.7224322312754622, 0.6632129426512066, 0.6070264758304607, 0.5067921742792229], [0.1717062053244079, 0.21655390427725998, 0.2358331387411349, 0.24462764250451366, 0.2534764378618499, 0.2603935700753982, 0.2637612209242364, 0.26755656855340215, 0.27882305397504703, 0.2958289672124726, 0.3188426066476026, 0.33598539471364774, 0.360190893332811, 0.3920961174984331, 0.43673368458163586, 0.48959781906142275, 0.5390569913428392, 0.5893479708555311, 0.6430481970777185, 0.6988019282748354, 0.7598335651049828, 0.8190595865324349, 0.8791455705499843, 0.9418096061187715, 1.0000061207301787, 0.9445437362895645, 0.8866238786822312, 0.8297457693513005, 0.7722592594406142, 0.7117185051707928, 0.6559592653165152, 0.5394606534981197], [0.18347169044659603, 0.227916658055405, 0.24867001255266125, 0.2585802151468696, 0.2680497948034771, 0.27453244244256614, 0.2771142937478807, 0.27871831940543645, 0.2839571989580069, 0.2957481735741147, 0.31208577958516137, 0.3236538066045127, 0.34298674494672515, 0.3717505043481667, 0.41146792247727987, 0.45995757109840174, 0.5052528106392981, 0.552101185463021, 0.602342893097775, 0.6546194374804136, 0.7129389787684112, 0.7698281054136634, 0.8267857842369163, 0.8875389278439361, 0.9445437362895645, 0.9996572391099968, 0.9392621582184268, 0.8800906112895645, 0.820909883265434, 0.7585231167737386, 0.7015054547947351, 0.5766826499334065], [0.15288603593473038, 0.19159408468917707, 0.20831004686394444, 0.2156346535391286, 0.2234822365603302, 0.229128070999858, 0.23204182069229132, 0.23512866272144803, 0.24479282705509636, 0.2588866116372219, 0.2785071477887026, 0.29271550478885927, 0.3142116621944531, 0.34276915298887495, 0.3820865814008148, 0.42890006806251957, 0.4730807226378878, 0.5178299930468505, 0.5658544661743967, 0.6151664348950172, 0.6700075652225008, 0.7229482088295205, 0.777129524443748, 0.8337517872532122, 0.8866238786822312, 0.9392621582184268, 0.9997398689674083, 0.9374583790347853, 0.8721967055781886, 0.8022624667032279, 0.7375479865246004, 0.6309319056526167], [0.15120468928648811, 0.18805152157263785, 0.20459420477025228, 0.21202104616897377, 0.21987311095139406, 0.22502926665389475, 0.2273310861853513, 0.22943916667482764, 0.23651498419780487, 0.2476096444651461, 0.26376269133402536, 0.2754821299161705, 0.2939096592467095, 0.3198883333986211, 0.35607102984957695, 0.39899387437323725, 0.4397202948722971, 0.48128892784393607, 0.5261645913310874, 0.5723482548574115, 0.6239331567298653, 0.6739511516765904, 0.7251547320589157, 0.7790196059229082, 0.8297457693513005, 0.8800906112895645, 0.9374583790347853, 0.999514014023817, 0.9312268636399248, 0.8572547790661235, 0.7889664045361956, 0.6833577958516139], [0.17166863934293655, 0.20827570323173022, 0.22759740728451816, 0.23694307547831975, 0.24591015700971172, 0.2509628267207515, 0.2523490800561669, 0.2512840930289589, 0.2501536685820472, 0.25488855068454247, 0.2620061182818866, 0.26691142446529303, 0.2786310925748198, 0.3004464460592291, 0.33074681477201506, 0.36865433298730804, 0.4042632109840176, 0.44226162204246317, 0.48358542580695707, 0.5256749329167972, 0.5742242586571608, 0.6221697743654027, 0.6699830823017863, 0.7224322312754622, 0.7722592594406142, 0.820909883265434, 0.8721967055781886, 0.9312268636399248, 0.9994313841664055, 0.9254574633735506, 0.8578754211062363, 0.7399870975007835], [0.19880020681947275, 0.23574424559552257, 0.2588663367185052, 0.2708814830774052, 0.2815000318277969, 0.28657067423515353, 0.2869118284334848, 0.2824089602593231, 0.2716880422966938, 0.26886179513671266, 0.26570946607646506, 0.2617619011477593, 0.2655175811853651, 0.2828060426296615, 0.30613872512535256, 0.33788542237934815, 0.3678332370338452, 0.4018268543364149, 0.4384973729826073, 0.4769086272916014, 0.522416256169696, 0.5682767451425885, 0.6122437862347226, 0.6632129426512066, 0.7117185051707928, 0.7585231167737386, 0.8022624667032279, 0.8572547790661235, 0.9254574633735506, 0.9999277753838922, 0.9359624725791288, 0.8021786126997806], [0.23184201232470228, 0.26506809006287213, 0.29328213138514575, 0.30967268171223755, 0.3228421212736995, 0.32803984534138986, 0.3275386340488875, 0.31890924609742244, 0.2956500888730022, 0.28402207869790036, 0.26941510914486055, 0.25512381625078345, 0.2502062686070197, 0.2632285811168129, 0.27972150065614226, 0.30525856412566593, 0.32883378055468504, 0.35894624285098714, 0.39157095884910686, 0.4272162551903792, 0.47030558357489816, 0.5153207997101222, 0.5560674186187715, 0.6070264758304607, 0.6559592653165152, 0.7015054547947351, 0.7375479865246004, 0.7889664045361956, 0.8578754211062363, 0.9359624725791288, 0.9999791895173926, 0.8536655828893763], [0.020234315083789735, 0.01657412112674456, 0.019372009962040665, 0.020191771638165518, 0.021640271536798098, 0.025055206595300993, 0.028208687028254284, 0.034428602324425704, 0.056737627291223613, 0.07980305974440902, 0.10815465909789924, 0.12801342240623156, 0.15117295473505807, 0.17192885286193102, 0.20322821081263712, 0.23561383578815417, 0.26699160603063304, 0.2975283879465685, 0.3298747637398151, 0.3626119481549671, 0.3990373315575055, 0.4330523714157004, 0.46970942445549985, 0.5067921742792229, 0.5394606534981197, 0.5766826499334065, 0.6309319056526167, 0.6833577958516139, 0.7399870975007835, 0.8021786126997806, 0.8536655828893763, 0.9999234908727671]], "count": 6382}