{"accumulated_matrix": [[6383.44140625, 5200.6171875, 4853.703125, 4769.5703125, 4696.7109375, 4539.9453125, 4424.03125, 4206.564453125, 3744.470703125, 3116.796875, 2343.15625, 1697.2177734375, 1205.7084350585938, 1016.57421875, 796.447998046875, 714.617431640625, 598.8495621681213, 572.8782539367676, 635.0642890930176, 742.9381256103516, 939.2947387695312, 1136.412841796875, 1338.365966796875, 1534.501953125, 1723.30517578125, 1783.61376953125, 1535.272216796875, 1507.4195098876953, 1557.8806762695312, 1583.4869384765625, 1676.701171875, 22.294418811798096], [5200.6171875, 6383.88671875, 5915.91015625, 5742.4921875, 5610.44921875, 5417.76953125, 5264.84765625, 5009.54296875, 4480.435546875, 3757.208984375, 2894.259765625, 2180.8408203125, 1614.7734375, 1389.48779296875, 1117.116455078125, 1002.45703125, 890.5470581054688, 847.7750244140625, 902.771484375, 1008.8460693359375, 1209.620849609375, 1418.755859375, 1626.505859375, 1831.08984375, 2031.8564453125, 2087.4697265625, 1803.9921875, 1763.7705688476562, 1801.279296875, 1819.84228515625, 1881.04833984375, -26.2535662651062], [4853.703125, 5915.91015625, 6384.08984375, 6182.67578125, 6019.6484375, 5795.328125, 5623.7421875, 5342.875, 4780.685546875, 4010.21484375, 3087.802734375, 2327.7451171875, 1723.13671875, 1480.487548828125, 1189.2113037109375, 1062.7093505859375, 935.9809112548828, 890.8186645507812, 948.332275390625, 1061.554931640625, 1272.239501953125, 1491.55126953125, 1711.72802734375, 1927.0087890625, 2137.595703125, 2196.9833984375, 1894.369140625, 1852.5911893844604, 1892.177490234375, 1911.16015625, 1985.65576171875, -14.126376867294312], [4769.5703125, 5742.4921875, 6182.67578125, 6384.58984375, 6240.62890625, 6017.36328125, 5846.9609375, 5555.796875, 4968.22265625, 4162.767578125, 3196.166015625, 2398.2666015625, 1767.60693359375, 1517.8751831054688, 1219.2606201171875, 1089.525146484375, 954.93994140625, 908.7898864746094, 971.3222045898438, 1091.61083984375, 1313.0244140625, 1543.6552734375, 1776.748046875, 2004.89111328125, 2226.4580078125, 2290.2529296875, 1970.28955078125, 1927.6852445602417, 1971.18017578125, 1994.02294921875, 2082.9501953125, -10.019749641418457], [4696.7109375, 5610.44921875, 6019.6484375, 6240.62890625, 6384.015625, 6183.3671875, 6024.2734375, 5732.54296875, 5129.76953125, 4299.287109375, 3293.41796875, 2464.9609375, 1813.8992309570312, 1559.9710083007812, 1253.0726623535156, 1120.5934448242188, 979.490966796875, 931.6312408447266, 996.3057861328125, 1122.654052734375, 1352.19775390625, 1593.41552734375, 1837.66796875, 2076.53662109375, 2308.984375, 2376.6787109375, 2042.75927734375, 1999.0270385742188, 2045.84423828125, 2073.1484375, 2172.7890625, -16.060546875], [4539.9453125, 5417.76953125, 5795.328125, 6017.36328125, 6183.3671875, 6385.51953125, 6224.75, 5944.0859375, 5324.58984375, 4476.375, 3443.65234375, 2591.576171875, 1920.4388427734375, 1655.135353088379, 1334.8062744140625, 1190.5945129394531, 1039.741943359375, 986.2127075195312, 1045.7866516113281, 1168.708251953125, 1395.6220703125, 1634.71826171875, 1874.9853515625, 2112.74169921875, 2342.3154296875, 2408.0126953125, 2069.68505859375, 2022.7192687988281, 2067.2646484375, 2094.87646484375, 2196.4775390625, 0.5205211639404297], [4424.03125, 5264.84765625, 5623.7421875, 5846.9609375, 6024.2734375, 6224.75, 6384.2578125, 6108.1484375, 5495.265625, 4633.58203125, 3593.080078125, 2731.3916015625, 2045.487060546875, 1767.24853515625, 1432.145263671875, 1274.3831787109375, 1114.1178894042969, 1051.69775390625, 1103.692626953125, 1218.378173828125, 1437.02294921875, 1669.34716796875, 1902.51123046875, 2133.6787109375, 2358.4345703125, 2421.568359375, 2083.45361328125, 2034.1607055664062, 2075.96484375, 2100.36083984375, 2198.7626953125, 20.417865753173828], [4206.564453125, 5009.54296875, 5342.875, 5555.796875, 5732.54296875, 5944.0859375, 6108.1484375, 6384.98046875, 5792.4765625, 4934.09765625, 3865.173828125, 2996.78515625, 2290.474609375, 1989.8623046875, 1630.76025390625, 1443.36083984375, 1266.148681640625, 1191.98876953125, 1226.83251953125, 1321.89794921875, 1518.2119140625, 1730.1826171875, 1940.93603515625, 2152.455078125, 2359.26953125, 2413.251953125, 2087.55517578125, 2031.537353515625, 2064.912109375, 2080.125, 2167.9267578125, 79.31945419311523], [3744.470703125, 4480.435546875, 4780.685546875, 4968.22265625, 5129.76953125, 5324.58984375, 5495.265625, 5792.4765625, 6383.7734375, 5516.08984375, 4439.1171875, 3573.10546875, 2831.59375, 2469.6611328125, 2052.419921875, 1807.12890625, 1593.2939453125, 1488.03759765625, 1484.20703125, 1534.13671875, 1676.45703125, 1838.775390625, 1995.7822265625, 2156.740234375, 2317.4912109375, 2349.7587890625, 2052.5771484375, 1985.33544921875, 1998.876953125, 1994.0361328125, 2049.7890625, 189.79197788238525], [3116.796875, 3757.208984375, 4010.21484375, 4162.767578125, 4299.287109375, 4476.375, 4633.58203125, 4934.09765625, 5516.08984375, 6384.20703125, 5294.9921875, 4396.78125, 3588.99609375, 3150.046875, 2652.26953125, 2329.1806640625, 2054.724609375, 1910.060546875, 1852.796875, 1841.2919921875, 1911.42578125, 2000.71875, 2089.4130859375, 2186.03515625, 2289.4296875, 2289.640625, 2028.7919921875, 1948.201171875, 1930.6201171875, 1895.1357421875, 1902.279296875, 358.23549461364746], [2343.15625, 2894.259765625, 3087.802734375, 3196.166015625, 3293.41796875, 3443.65234375, 3593.080078125, 3865.173828125, 4439.1171875, 5294.9921875, 6383.55078125, 5467.66015625, 4553.453125, 3998.3203125, 3404.705078125, 2974.603515625, 2646.962890625, 2443.634765625, 2312.353515625, 2221.0068359375, 2196.6337890625, 2195.39453125, 2188.5791015625, 2201.3505859375, 2226.220703125, 2188.7021484375, 1975.7080078125, 1879.4150390625, 1824.9697265625, 1752.4541015625, 1704.1220703125, 572.7848613262177], [1697.2177734375, 2180.8408203125, 2327.7451171875, 2398.2666015625, 2464.9609375, 2591.576171875, 2731.3916015625, 2996.78515625, 3573.10546875, 4396.78125, 5467.66015625, 6384.4765625, 5396.8515625, 4755.04296875, 4076.87890625, 3555.265625, 3179.71875, 2927.291015625, 2732.0625, 2567.30859375, 2460.337890625, 2380.13671875, 2293.533203125, 2230.994140625, 2183.5732421875, 2112.44921875, 1941.0400390625, 1829.6533203125, 1742.197265625, 1637.8798828125, 1530.81640625, 746.8406200408936], [1205.7084350585938, 1614.7734375, 1723.13671875, 1767.60693359375, 1813.8992309570312, 1920.4388427734375, 2045.487060546875, 2290.474609375, 2831.59375, 3588.99609375, 4553.453125, 5396.8515625, 6386.43359375, 5637.10546875, 4862.328125, 4234.62890625, 3791.078125, 3486.1015625, 3233.4921875, 3004.845703125, 2828.115234375, 2679.517578125, 2525.205078125, 2399.302734375, 2293.4375, 2189.7890625, 2043.703125, 1914.16796875, 1795.4931640625, 1661.349609375, 1509.0615234375, 959.077392578125], [1016.57421875, 1389.48779296875, 1480.487548828125, 1517.8751831054688, 1559.9710083007812, 1655.135353088379, 1767.24853515625, 1989.8623046875, 2469.6611328125, 3150.046875, 3998.3203125, 4755.04296875, 5637.10546875, 6386.0390625, 5523.1640625, 4818.5703125, 4311.05859375, 3967.03125, 3674.541015625, 3407.875, 3185.7265625, 2996.224609375, 2806.84375, 2647.6796875, 2511.53125, 2387.04296875, 2240.85546875, 2097.11328125, 1954.46875, 1794.1181640625, 1614.46875, 1128.8603515625], [796.447998046875, 1117.116455078125, 1189.2113037109375, 1219.2606201171875, 1253.0726623535156, 1334.8062744140625, 1432.145263671875, 1630.76025390625, 2052.419921875, 2652.26953125, 3404.705078125, 4076.87890625, 4862.328125, 5523.1640625, 6385.6328125, 5574.1484375, 4985.95703125, 4579.0625, 4227.69140625, 3906.61328125, 3627.29296875, 3388.42578125, 3150.701171875, 2945.54296875, 2768.560546875, 2621.27734375, 2477.90234375, 2313.056640625, 2143.4248046875, 1955.25, 1747.91015625, 1362.248046875], [714.617431640625, 1002.45703125, 1062.7093505859375, 1089.525146484375, 1120.5934448242188, 1190.5945129394531, 1274.3831787109375, 1443.36083984375, 1807.12890625, 2329.1806640625, 2974.603515625, 3555.265625, 4234.62890625, 4818.5703125, 5574.1484375, 6384.26953125, 5729.46875, 5262.1640625, 4859.0078125, 4489.2734375, 4163.91015625, 3878.08203125, 3599.2578125, 3353.615234375, 3143.033203125, 2971.66015625, 2815.96484375, 2628.826171875, 2430.703125, 2213.236328125, 1978.7578125, 1614.9794921875], [598.8495621681213, 890.5470581054688, 935.9809112548828, 954.93994140625, 979.490966796875, 1039.741943359375, 1114.1178894042969, 1266.148681640625, 1593.2939453125, 2054.724609375, 2646.962890625, 3179.71875, 3791.078125, 4311.05859375, 4985.95703125, 5729.46875, 6383.4140625, 5879.93359375, 5437.28515625, 5024.86328125, 4655.234375, 4327.79296875, 4005.34765625, 3720.154296875, 3471.62890625, 3276.791015625, 3116.470703125, 2905.646484375, 2678.1015625, 2433.9453125, 2161.7490234375, 1830.169921875], [572.8782539367676, 847.7750244140625, 890.8186645507812, 908.7898864746094, 931.6312408447266, 986.2127075195312, 1051.69775390625, 1191.98876953125, 1488.03759765625, 1910.060546875, 2443.634765625, 2927.291015625, 3486.1015625, 3967.03125, 4579.0625, 5262.1640625, 5879.93359375, 6382.77734375, 5913.390625, 5474.87109375, 5076.76953125, 4721.80859375, 4373.76171875, 4063.1796875, 3791.7109375, 3578.33203125, 3409.103515625, 3178.603515625, 2930.033203125, 2666.345703125, 2372.4609375, 2032.8486328125], [635.0642890930176, 902.771484375, 948.332275390625, 971.3222045898438, 996.3057861328125, 1045.7866516113281, 1103.692626953125, 1226.83251953125, 1484.20703125, 1852.796875, 2312.353515625, 2732.0625, 3233.4921875, 3674.541015625, 4227.69140625, 4859.0078125, 5437.28515625, 5913.390625, 6382.8125, 5924.4921875, 5505.07421875, 5129.9765625, 4763.55078125, 4434.60546875, 4145.1171875, 3916.08984375, 3730.4453125, 3482.685546875, 3215.9453125, 2932.533203125, 2621.1484375, 2223.408203125], [742.9381256103516, 1008.8460693359375, 1061.554931640625, 1091.61083984375, 1122.654052734375, 1168.708251953125, 1218.378173828125, 1321.89794921875, 1534.13671875, 1841.2919921875, 2221.0068359375, 2567.30859375, 3004.845703125, 3407.875, 3906.61328125, 4489.2734375, 5024.86328125, 5474.87109375, 5924.4921875, 6384.53515625, 5952.18359375, 5562.45703125, 5183.28515625, 4841.30859375, 4538.18359375, 4294.30859375, 4086.08203125, 3821.2734375, 3535.96484375, 3233.58984375, 2908.2109375, 2429.375], [939.2947387695312, 1209.620849609375, 1272.239501953125, 1313.0244140625, 1352.19775390625, 1395.6220703125, 1437.02294921875, 1518.2119140625, 1676.45703125, 1911.42578125, 2196.6337890625, 2460.337890625, 2828.115234375, 3185.7265625, 3627.29296875, 4163.91015625, 4655.234375, 5076.76953125, 5505.07421875, 5952.18359375, 6387.3515625, 5990.88671875, 5607.5703125, 5261.2109375, 4954.0078125, 4699.41796875, 4461.796875, 4178.43359375, 3877.47265625, 3560.75, 3226.81640625, 2619.08984375], [1136.412841796875, 1418.755859375, 1491.55126953125, 1543.6552734375, 1593.41552734375, 1634.71826171875, 1669.34716796875, 1730.1826171875, 1838.775390625, 2000.71875, 2195.39453125, 2380.13671875, 2679.517578125, 2996.224609375, 3388.42578125, 3878.08203125, 4327.79296875, 4721.80859375, 5129.9765625, 5562.45703125, 5990.88671875, 6385.4921875, 6001.2578125, 5653.1328125, 5343.578125, 5080.48828125, 4814.25, 4515.70703125, 4203.28515625, 3872.87890625, 3534.576171875, 2800.291015625], [1338.365966796875, 1626.505859375, 1711.72802734375, 1776.748046875, 1837.66796875, 1874.9853515625, 1902.51123046875, 1940.93603515625, 1995.7822265625, 2089.4130859375, 2188.5791015625, 2293.533203125, 2525.205078125, 2806.84375, 3150.701171875, 3599.2578125, 4005.34765625, 4373.76171875, 4763.55078125, 5183.28515625, 5607.5703125, 6001.2578125, 6385.38671875, 6039.94140625, 5733.4453125, 5462.3984375, 5168.7265625, 4857.625, 4535.0234375, 4193.73828125, 3850.49609375, 2970.4501953125], [1534.501953125, 1831.08984375, 1927.0087890625, 2004.89111328125, 2076.53662109375, 2112.74169921875, 2133.6787109375, 2152.455078125, 2156.740234375, 2186.03515625, 2201.3505859375, 2230.994140625, 2399.302734375, 2647.6796875, 2945.54296875, 3353.615234375, 3720.154296875, 4063.1796875, 4434.60546875, 4841.30859375, 5261.2109375, 5653.1328125, 6039.94140625, 6385.09765625, 6081.515625, 5806.23828125, 5486.15625, 5163.12890625, 4833.59375, 4482.57421875, 4140.55078125, 3131.025390625], [1723.30517578125, 2031.8564453125, 2137.595703125, 2226.4580078125, 2308.984375, 2342.3154296875, 2358.4345703125, 2359.26953125, 2317.4912109375, 2289.4296875, 2226.220703125, 2183.5732421875, 2293.4375, 2511.53125, 2768.560546875, 3143.033203125, 3471.62890625, 3791.7109375, 4145.1171875, 4538.18359375, 4954.0078125, 5343.578125, 5733.4453125, 6081.515625, 6383.98046875, 6107.41796875, 5763.86328125, 5431.46875, 5096.88671875, 4737.10546875, 4396.75390625, 3258.4755859375], [1783.61376953125, 2087.4697265625, 2196.9833984375, 2290.2529296875, 2376.6787109375, 2408.0126953125, 2421.568359375, 2413.251953125, 2349.7587890625, 2289.640625, 2188.7021484375, 2112.44921875, 2189.7890625, 2387.04296875, 2621.27734375, 2971.66015625, 3276.791015625, 3578.33203125, 3916.08984375, 4294.30859375, 4699.41796875, 5080.48828125, 5462.3984375, 5806.23828125, 6107.41796875, 6385.51171875, 6030.34375, 5686.66796875, 5341.70703125, 4970.9296875, 4621.41796875, 3443.6728515625], [1535.272216796875, 1803.9921875, 1894.369140625, 1970.28955078125, 2042.75927734375, 2069.68505859375, 2083.45361328125, 2087.55517578125, 2052.5771484375, 2028.7919921875, 1975.7080078125, 1941.0400390625, 2043.703125, 2240.85546875, 2477.90234375, 2815.96484375, 3116.470703125, 3409.103515625, 3730.4453125, 4086.08203125, 4461.796875, 4814.25, 5168.7265625, 5486.15625, 5763.86328125, 6030.34375, 6384.16015625, 6020.046875, 5639.2578125, 5235.390625, 4845.12890625, 3822.310546875], [1507.4195098876953, 1763.7705688476562, 1852.5911893844604, 1927.6852445602417, 1999.0270385742188, 2022.7192687988281, 2034.1607055664062, 2031.537353515625, 1985.33544921875, 1948.201171875, 1879.4150390625, 1829.6533203125, 1914.16796875, 2097.11328125, 2313.056640625, 2628.826171875, 2905.646484375, 3178.603515625, 3482.685546875, 3821.2734375, 4178.43359375, 4515.70703125, 4857.625, 5163.12890625, 5431.46875, 5686.66796875, 6020.046875, 6383.19140625, 5984.94921875, 5558.296875, 5148.54296875, 4136.51171875], [1557.8806762695312, 1801.279296875, 1892.177490234375, 1971.18017578125, 2045.84423828125, 2067.2646484375, 2075.96484375, 2064.912109375, 1998.876953125, 1930.6201171875, 1824.9697265625, 1742.197265625, 1795.4931640625, 1954.46875, 2143.4248046875, 2430.703125, 2678.1015625, 2930.033203125, 3215.9453125, 3535.96484375, 3877.47265625, 4203.28515625, 4535.0234375, 4833.59375, 5096.88671875, 5341.70703125, 5639.2578125, 5984.94921875, 6382.87890625, 5945.1953125, 5524.64453125, 4486.26171875], [1583.4869384765625, 1819.84228515625, 1911.16015625, 1994.02294921875, 2073.1484375, 2094.87646484375, 2100.36083984375, 2080.125, 1994.0361328125, 1895.1357421875, 1752.4541015625, 1637.8798828125, 1661.349609375, 1794.1181640625, 1955.25, 2213.236328125, 2433.9453125, 2666.345703125, 2932.533203125, 3233.58984375, 3560.75, 3872.87890625, 4193.73828125, 4482.57421875, 4737.10546875, 4970.9296875, 5235.390625, 5558.296875, 5945.1953125, 6384.7421875, 5959.4921875, 4905.26171875], [1676.701171875, 1881.04833984375, 1985.65576171875, 2082.9501953125, 2172.7890625, 2196.4775390625, 2198.7626953125, 2167.9267578125, 2049.7890625, 1902.279296875, 1704.1220703125, 1530.81640625, 1509.0615234375, 1614.46875, 1747.91015625, 1978.7578125, 2161.7490234375, 2372.4609375, 2621.1484375, 2908.2109375, 3226.81640625, 3534.576171875, 3850.49609375, 4140.55078125, 4396.75390625, 4621.41796875, 4845.12890625, 5148.54296875, 5524.64453125, 5959.4921875, 6385.9765625, 5309.20703125], [22.294418811798096, -26.2535662651062, -14.126376867294312, -10.019749641418457, -16.060546875, 0.5205211639404297, 20.417865753173828, 79.31945419311523, 189.79197788238525, 358.23549461364746, 572.7848613262177, 746.8406200408936, 959.077392578125, 1128.8603515625, 1362.248046875, 1614.9794921875, 1830.169921875, 2032.8486328125, 2223.408203125, 2429.375, 2619.08984375, 2800.291015625, 2970.4501953125, 3131.025390625, 3258.4755859375, 3443.6728515625, 3822.310546875, 4136.51171875, 4486.26171875, 4905.26171875, 5309.20703125, 6387.30078125]], "average_matrix": [[0.9995993432900094, 0.8143778871750704, 0.7600537308174131, 0.7468791594895083, 0.7354699244440964, 0.7109215960695271, 0.6927703178828688, 0.6587166384473849, 0.586356201554181, 0.4880671586282493, 0.36692080331976196, 0.26577165258964924, 0.1888049538143742, 0.15918794531005323, 0.12471781992591215, 0.1119037631757947, 0.09377537772754797, 0.08970846444359029, 0.0994463340264669, 0.11633857275451794, 0.14708655477130148, 0.17795378042544238, 0.2095781344811893, 0.2402915679807391, 0.26985674534626525, 0.27930062159900565, 0.24041218553035937, 0.23605065923703342, 0.2439525017647246, 0.24796225156225532, 0.26255890571171314, 0.0034911398076727367], [0.8143778871750704, 0.9996690759082367, 0.9263874344268713, 0.8992314731443783, 0.8785545284606953, 0.8483823255950517, 0.8244358998199186, 0.7844570887488256, 0.7016028103468525, 0.588350921449264, 0.4532195060483871, 0.34150341689829317, 0.25286148410585657, 0.21758343140757125, 0.17493211009679377, 0.15697729897431884, 0.13945303133502485, 0.13275524967335772, 0.14136728537034138, 0.15797777471593133, 0.18941760877065064, 0.22216659244832446, 0.2546986939202944, 0.28673502094425307, 0.31817357427380205, 0.32688219958698717, 0.28249172995615407, 0.27619332427930726, 0.28206691150563734, 0.28497373710558255, 0.2945581490516364, -0.004111112788146915], [0.7600537308174131, 0.9263874344268713, 0.9997008837691825, 0.9681609428828688, 0.9426320760256812, 0.9075051871280927, 0.8806361082837457, 0.836654400250548, 0.7486197223418415, 0.627969753170999, 0.4835268923230504, 0.3645075347929064, 0.2698303662308174, 0.23183331488069606, 0.18622162601173464, 0.16641236307327553, 0.14656763408313228, 0.13949556287985926, 0.1485017656421273, 0.1662315896712535, 0.1992232229804455, 0.23356581107598653, 0.26804385019476196, 0.3017552128190573, 0.33473155388740994, 0.3440312243090354, 0.296644087163326, 0.2901019714037677, 0.2963008910482892, 0.29927343505324144, 0.31093889159391636, -0.0022120853221569547], [0.7468791594895083, 0.8992314731443783, 0.9681609428828688, 0.99977918004228, 0.9772359702865644, 0.9422742375900407, 0.9155905007046664, 0.8699963787973692, 0.7779866358048857, 0.6518583742757594, 0.5004957744480113, 0.3755506735926245, 0.27679407040303006, 0.23768793972838534, 0.19092712497920256, 0.17061151683125195, 0.14953647688791888, 0.14230972227914335, 0.15210181719227117, 0.1709381208649781, 0.2056098362139837, 0.24172490971461008, 0.27822550060679613, 0.3139510042720404, 0.3486467284391638, 0.3586365376898685, 0.30853265749784686, 0.30186114070783615, 0.3086721227343016, 0.3122491307890307, 0.3261744746809427, -0.0015690181085841618], [0.7354699244440964, 0.8785545284606953, 0.9426320760256812, 0.9772359702865644, 0.9996892616661447, 0.9682692119480113, 0.9433563165518322, 0.8976734996476667, 0.803283672290949, 0.6732363152795177, 0.5157247054102725, 0.38599450947384906, 0.28404309911635317, 0.24427983217989058, 0.19622183876503532, 0.1754765807742278, 0.15338098446553006, 0.14588650811849774, 0.1560140598391501, 0.1757992566135883, 0.21174408924307078, 0.24951699457308957, 0.2877651062871907, 0.3251701567638193, 0.3615697424052615, 0.3721701708326809, 0.31988087650230973, 0.31303273388258984, 0.32036395839042436, 0.32463959246789853, 0.3402425716410899, -0.0025149619284372065], [0.7109215960695271, 0.8483823255950517, 0.9075051871280927, 0.9422742375900407, 0.9682692119480113, 0.9999247621750704, 0.9747494519260883, 0.9307995517538366, 0.8337910810757908, 0.7009669589727529, 0.539250288717507, 0.4058215114116818, 0.30072640820128993, 0.25918185923714043, 0.20902071318729448, 0.18643822626674805, 0.1628158382961752, 0.1544335589601521, 0.16376239455235328, 0.183011000932215, 0.21854401351589414, 0.25598469491367837, 0.2936087302791262, 0.3308396021325947, 0.3667891371261353, 0.37707683922839025, 0.3240972531465315, 0.31674276053849487, 0.32371823495732854, 0.3280420395934466, 0.3439520105014876, 8.150973440971339e-05], [0.6927703178828688, 0.8244358998199186, 0.8806361082837457, 0.9155905007046664, 0.9433563165518322, 0.9747494519260883, 0.9997271864234263, 0.9564905163639211, 0.8605176362355151, 0.7255844082759161, 0.5626495581154087, 0.4277155655437676, 0.3203080270195545, 0.2767379478791497, 0.22426327335920374, 0.19955890678216998, 0.17446255706299668, 0.16468802911153305, 0.17283003867101862, 0.1907889404679181, 0.22502708255852646, 0.26140732351530693, 0.29791907774330567, 0.3341181821073442, 0.36931327439907613, 0.3791995551792985, 0.32625330618246945, 0.3185344042540567, 0.32508062069370497, 0.3289008518389837, 0.34430984893712807, 0.0031972855861531206], [0.6587166384473849, 0.7844570887488256, 0.836654400250548, 0.8699963787973692, 0.8976734996476667, 0.9307995517538366, 0.9564905163639211, 0.9998403490056373, 0.9070586536955841, 0.7726429151659882, 0.6052574112316004, 0.46927421801597247, 0.35867125107657377, 0.31159760486807075, 0.25536490039246007, 0.22601954898899937, 0.19826944591929613, 0.18665655645650642, 0.19211282798798152, 0.20699936567785, 0.23774066928632948, 0.2709337014073755, 0.3039361157463592, 0.3370584212535233, 0.3694440230582524, 0.37789726794942063, 0.3268955802977216, 0.31812360687685953, 0.32334984487550894, 0.3257320701534607, 0.3394811709696993, 0.01242083529488181], [0.586356201554181, 0.7016028103468525, 0.7486197223418415, 0.7779866358048857, 0.803283672290949, 0.8337910810757908, 0.8605176362355151, 0.9070586536955841, 0.9996513369088631, 0.8637785536720952, 0.6951326632477294, 0.5595216831741309, 0.44340647510178516, 0.3867305250254463, 0.32139366142734105, 0.28298291673191356, 0.2494979557332446, 0.2330155962505872, 0.23241575810366427, 0.240234375, 0.2625206751096148, 0.2879385202983088, 0.3125246205077513, 0.3377294447815534, 0.36290184950477605, 0.3679547117229095, 0.32141828193509236, 0.31088873304396336, 0.31300923161994987, 0.312251195241544, 0.32098168845912933, 0.029720009063950087], [0.4880671586282493, 0.588350921449264, 0.627969753170999, 0.6518583742757594, 0.6732363152795177, 0.7009669589727529, 0.7255844082759161, 0.7726429151659882, 0.8637785536720952, 0.9997192344581898, 0.8291563087222048, 0.6885031709990604, 0.5620100366035077, 0.4932738607892264, 0.41532563909332915, 0.3647323307332446, 0.3217545583111494, 0.2991012444213905, 0.2901341802380207, 0.2883326013447385, 0.2993150299483245, 0.3132976432821798, 0.32718651517968994, 0.3423168111885374, 0.35850762409959286, 0.35854065533980584, 0.3176937037562637, 0.30507378200360163, 0.30232071988529596, 0.2967641312539148, 0.29788275867131225, 0.05609700823890502], [0.36692080331976196, 0.4532195060483871, 0.4835268923230504, 0.5004957744480113, 0.5157247054102725, 0.539250288717507, 0.5626495581154087, 0.6052574112316004, 0.6951326632477294, 0.8291563087222048, 0.9996164705997495, 0.8561948255950517, 0.7130368188224241, 0.6261071582367679, 0.533151437225963, 0.46580073843172565, 0.4144946587261196, 0.3826549899193548, 0.3620973247142186, 0.34779311555551207, 0.3439764780868306, 0.34378241955057937, 0.34271517406240215, 0.3447150933193705, 0.3486095682939242, 0.3427344422858597, 0.3093811474808174, 0.2943023863235985, 0.28577665621085185, 0.2744212498531945, 0.2668528140169903, 0.0896938398569085], [0.26577165258964924, 0.34150341689829317, 0.3645075347929064, 0.3755506735926245, 0.38599450947384906, 0.4058215114116818, 0.4277155655437676, 0.46927421801597247, 0.5595216831741309, 0.6885031709990604, 0.8561948255950517, 0.9997614410429063, 0.8451067276072659, 0.7446042857422487, 0.6384088484575634, 0.556728096617601, 0.4979202552458503, 0.4583919535898841, 0.42782062323833386, 0.4020213895631068, 0.38527057479251486, 0.3727116690808018, 0.35915020405966175, 0.34935705302615094, 0.3419312937969778, 0.33079380187128093, 0.3039524019828531, 0.2865100720815064, 0.272815105797839, 0.25647978121085185, 0.23971443881146257, 0.11694967429390754], [0.1888049538143742, 0.25286148410585657, 0.2698303662308174, 0.27679407040303006, 0.28404309911635317, 0.30072640820128993, 0.3203080270195545, 0.35867125107657377, 0.44340647510178516, 0.5620100366035077, 0.7130368188224241, 0.8451067276072659, 1.0000678975493267, 0.8827286985202004, 0.7614043415283432, 0.6631113226197933, 0.5936545764171626, 0.5458975199655497, 0.5063407747416223, 0.47053643957485125, 0.44286176548308803, 0.4195924801323207, 0.3954282928476355, 0.37571292426792985, 0.3591352176636392, 0.3429046449264015, 0.32002867601002194, 0.299744436071093, 0.28116084623590665, 0.26015496545176947, 0.2363077863196837, 0.15018437090167946], [0.15918794531005323, 0.21758343140757125, 0.23183331488069606, 0.23768793972838534, 0.24427983217989058, 0.25918185923714043, 0.2767379478791497, 0.31159760486807075, 0.3867305250254463, 0.4932738607892264, 0.6261071582367679, 0.7446042857422487, 0.8827286985202004, 1.0000061168963357, 0.8648863235984967, 0.7545521942530535, 0.6750796419902912, 0.6212075242718447, 0.5754057337339492, 0.5336478233636079, 0.49886103390228625, 0.46918644055355463, 0.4395308095834638, 0.4146069037738804, 0.3932870732853116, 0.3737931363529596, 0.3509012635061071, 0.3283923083698716, 0.3060552380206702, 0.2809455314848888, 0.25281377231443786, 0.17677111674953022], [0.12471781992591215, 0.17493211009679377, 0.18622162601173464, 0.19092712497920256, 0.19622183876503532, 0.20902071318729448, 0.22426327335920374, 0.25536490039246007, 0.32139366142734105, 0.41532563909332915, 0.533151437225963, 0.6384088484575634, 0.7614043415283432, 0.8648863235984967, 0.999942501174444, 0.8728700966958973, 0.7807637067413091, 0.7170470560601315, 0.6620249618305669, 0.6117465207093642, 0.5680070417710616, 0.5306022206780457, 0.49337631880285, 0.46125007340275603, 0.4335359453296273, 0.4104724935405575, 0.38802103722987785, 0.36220742884826185, 0.3356443477431099, 0.30617757594738493, 0.27370970188694016, 0.21331789020905104], [0.1119037631757947, 0.15697729897431884, 0.16641236307327553, 0.17061151683125195, 0.1754765807742278, 0.18643822626674805, 0.19955890678216998, 0.22601954898899937, 0.28298291673191356, 0.3647323307332446, 0.46580073843172565, 0.556728096617601, 0.6631113226197933, 0.7545521942530535, 0.8728700966958973, 0.999729021492327, 0.8971920999060444, 0.8240156690416536, 0.7608844053398058, 0.7029867581428124, 0.6520372934935798, 0.6072787396257439, 0.5636169452709051, 0.525151148508456, 0.4921755720521453, 0.46533983029282805, 0.44095910487785783, 0.41165458375743813, 0.38062999138740994, 0.34657631195192606, 0.30985872416222987, 0.25289375073402753], [0.09377537772754797, 0.13945303133502485, 0.14656763408313228, 0.14953647688791888, 0.15338098446553006, 0.1628158382961752, 0.17446255706299668, 0.19826944591929613, 0.2494979557332446, 0.3217545583111494, 0.4144946587261196, 0.4979202552458503, 0.5936545764171626, 0.6750796419902912, 0.7807637067413091, 0.8971920999060444, 0.9995950614625744, 0.9207537729016598, 0.8514383270043846, 0.7868561354917006, 0.7289750039148136, 0.6777001203805199, 0.6272075878875666, 0.5825484335851864, 0.54363120987316, 0.5131210484849671, 0.48801608254384593, 0.4550025813302537, 0.41937074264015034, 0.38113769378327594, 0.33851378381420294, 0.2865909680355465], [0.08970846444359029, 0.13275524967335772, 0.13949556287985926, 0.14230972227914335, 0.14588650811849774, 0.1544335589601521, 0.16468802911153305, 0.18665655645650642, 0.2330155962505872, 0.2991012444213905, 0.3826549899193548, 0.4583919535898841, 0.5458975199655497, 0.6212075242718447, 0.7170470560601315, 0.8240156690416536, 0.9207537729016598, 0.9994953560523019, 0.9259928946132164, 0.8573240046586282, 0.7949842673426245, 0.7394000303398058, 0.6848984839884121, 0.6362636529126213, 0.5937536701378014, 0.5603401239038521, 0.5338401997533667, 0.49774561785546506, 0.4588213597126527, 0.41752986268791104, 0.3715096989508299, 0.3183289434407297], [0.0994463340264669, 0.14136728537034138, 0.1485017656421273, 0.15210181719227117, 0.1560140598391501, 0.16376239455235328, 0.17283003867101862, 0.19211282798798152, 0.23241575810366427, 0.2901341802380207, 0.3620973247142186, 0.42782062323833386, 0.5063407747416223, 0.5754057337339492, 0.6620249618305669, 0.7608844053398058, 0.8514383270043846, 0.9259928946132164, 0.9995008612590041, 0.9277313165518322, 0.8620535889054181, 0.8033160918415283, 0.7459365457641717, 0.6944261617209521, 0.6490944546664579, 0.6132304797604134, 0.5841599299248356, 0.5453625973809897, 0.5035930649076104, 0.4592128410781397, 0.4104523077826496, 0.3481691517577513], [0.11633857275451794, 0.15797777471593133, 0.1662315896712535, 0.1709381208649781, 0.1757992566135883, 0.183011000932215, 0.1907889404679181, 0.20699936567785, 0.240234375, 0.2883326013447385, 0.34779311555551207, 0.4020213895631068, 0.47053643957485125, 0.5336478233636079, 0.6117465207093642, 0.7029867581428124, 0.7868561354917006, 0.8573240046586282, 0.9277313165518322, 0.9997706163874099, 0.9320675843642343, 0.871039309622612, 0.8116638202709051, 0.7581128396100846, 0.7106457240447854, 0.6724567168415283, 0.6398499892342624, 0.5983829372846853, 0.5537057381381146, 0.5063560669824616, 0.45540415557469466, 0.380422016911995], [0.14708655477130148, 0.18941760877065064, 0.1992232229804455, 0.2056098362139837, 0.21174408924307078, 0.21854401351589414, 0.22502708255852646, 0.23774066928632948, 0.2625206751096148, 0.2993150299483245, 0.3439764780868306, 0.38527057479251486, 0.44286176548308803, 0.49886103390228625, 0.5680070417710616, 0.6520372934935798, 0.7289750039148136, 0.7949842673426245, 0.8620535889054181, 0.9320675843642343, 1.0002116446132163, 0.9381282052536799, 0.8781037132007516, 0.8238664167710616, 0.775760697228312, 0.7358938253601629, 0.6986841332602568, 0.6543115555512058, 0.6071833160429063, 0.5575869088631381, 0.5052953971578453, 0.41012994734575636], [0.17795378042544238, 0.22216659244832446, 0.23356581107598653, 0.24172490971461008, 0.24951699457308957, 0.25598469491367837, 0.26140732351530693, 0.2709337014073755, 0.2879385202983088, 0.3132976432821798, 0.34378241955057937, 0.3727116690808018, 0.4195924801323207, 0.46918644055355463, 0.5306022206780457, 0.6072787396257439, 0.6777001203805199, 0.7394000303398058, 0.8033160918415283, 0.871039309622612, 0.9381282052536799, 0.9999204803476355, 0.9397522412308175, 0.8852384610867523, 0.8367645043845913, 0.7955665958737864, 0.7538756655183213, 0.7071260618932039, 0.658203125, 0.6064639690338239, 0.5534882824733792, 0.43850470022314436], [0.2095781344811893, 0.2546986939202944, 0.26804385019476196, 0.27822550060679613, 0.2877651062871907, 0.2936087302791262, 0.29791907774330567, 0.3039361157463592, 0.3125246205077513, 0.32718651517968994, 0.34271517406240215, 0.35915020405966175, 0.3954282928476355, 0.4395308095834638, 0.49337631880285, 0.5636169452709051, 0.6272075878875666, 0.6848984839884121, 0.7459365457641717, 0.8116638202709051, 0.8781037132007516, 0.9397522412308175, 0.999903964727529, 0.9458098036720952, 0.8978147999530223, 0.8553708796586282, 0.8093840530065769, 0.7606678672095208, 0.7101508671312246, 0.6567081555355465, 0.6029589874334481, 0.4651503594288287], [0.2402915679807391, 0.28673502094425307, 0.3017552128190573, 0.3139510042720404, 0.3251701567638193, 0.3308396021325947, 0.3341181821073442, 0.3370584212535233, 0.3377294447815534, 0.3423168111885374, 0.3447150933193705, 0.34935705302615094, 0.37571292426792985, 0.4146069037738804, 0.46125007340275603, 0.525151148508456, 0.5825484335851864, 0.6362636529126213, 0.6944261617209521, 0.7581128396100846, 0.8238664167710616, 0.8852384610867523, 0.9458098036720952, 0.9998586996946446, 0.9523200164422173, 0.9092136362746633, 0.8590911760100219, 0.8085075017616662, 0.756904752583777, 0.701937710421234, 0.6483793894848106, 0.49029523811854053], [0.26985674534626525, 0.31817357427380205, 0.33473155388740994, 0.3486467284391638, 0.3615697424052615, 0.3667891371261353, 0.36931327439907613, 0.3694440230582524, 0.36290184950477605, 0.35850762409959286, 0.3486095682939242, 0.3419312937969778, 0.3591352176636392, 0.3932870732853116, 0.4335359453296273, 0.4921755720521453, 0.54363120987316, 0.5937536701378014, 0.6490944546664579, 0.7106457240447854, 0.775760697228312, 0.8367645043845913, 0.8978147999530223, 0.9523200164422173, 0.9996837564594425, 0.9563761304024428, 0.9025780271296586, 0.8505275211399937, 0.7981344689555278, 0.7417954069448794, 0.6884988891716254, 0.5102529887155497], [0.27930062159900565, 0.32688219958698717, 0.3440312243090354, 0.3586365376898685, 0.3721701708326809, 0.37707683922839025, 0.3791995551792985, 0.37789726794942063, 0.3679547117229095, 0.35854065533980584, 0.3427344422858597, 0.33079380187128093, 0.3429046449264015, 0.3737931363529596, 0.4104724935405575, 0.46533983029282805, 0.5131210484849671, 0.5603401239038521, 0.6132304797604134, 0.6724567168415283, 0.7358938253601629, 0.7955665958737864, 0.8553708796586282, 0.9092136362746633, 0.9563761304024428, 0.9999235387958033, 0.9443068822424052, 0.8904898165909803, 0.8364715050501096, 0.7784105367209521, 0.7236796067569684, 0.5392535000880833], [0.24041218553035937, 0.28249172995615407, 0.296644087163326, 0.30853265749784686, 0.31988087650230973, 0.3240972531465315, 0.32625330618246945, 0.3268955802977216, 0.32141828193509236, 0.3176937037562637, 0.3093811474808174, 0.3039524019828531, 0.32002867601002194, 0.3509012635061071, 0.38802103722987785, 0.44095910487785783, 0.48801608254384593, 0.5338401997533667, 0.5841599299248356, 0.6398499892342624, 0.6986841332602568, 0.7538756655183213, 0.8093840530065769, 0.8590911760100219, 0.9025780271296586, 0.9443068822424052, 0.9997118941825869, 0.9426944683683056, 0.8830657395082994, 0.8198231482931413, 0.7587110720717194, 0.598545340882399], [0.23605065923703342, 0.27619332427930726, 0.2901019714037677, 0.30186114070783615, 0.31303273388258984, 0.31674276053849487, 0.3185344042540567, 0.31812360687685953, 0.31088873304396336, 0.30507378200360163, 0.2943023863235985, 0.2865100720815064, 0.299744436071093, 0.3283923083698716, 0.36220742884826185, 0.41165458375743813, 0.4550025813302537, 0.49774561785546506, 0.5453625973809897, 0.5983829372846853, 0.6543115555512058, 0.7071260618932039, 0.7606678672095208, 0.8085075017616662, 0.8505275211399937, 0.8904898165909803, 0.9426944683683056, 0.9995601951534607, 0.9371984370106483, 0.8703878601628563, 0.8062234526699029, 0.6477469024036956], [0.2439525017647246, 0.28206691150563734, 0.2963008910482892, 0.3086721227343016, 0.32036395839042436, 0.32371823495732854, 0.32508062069370497, 0.32334984487550894, 0.31300923161994987, 0.30232071988529596, 0.28577665621085185, 0.272815105797839, 0.28116084623590665, 0.3060552380206702, 0.3356443477431099, 0.38062999138740994, 0.41937074264015034, 0.4588213597126527, 0.5035930649076104, 0.5537057381381146, 0.6071833160429063, 0.658203125, 0.7101508671312246, 0.756904752583777, 0.7981344689555278, 0.8364715050501096, 0.8830657395082994, 0.9371984370106483, 0.9995112599827748, 0.9309732716097714, 0.865118153969621, 0.7025151454353272], [0.24796225156225532, 0.28497373710558255, 0.29927343505324144, 0.3122491307890307, 0.32463959246789853, 0.3280420395934466, 0.3289008518389837, 0.3257320701534607, 0.312251195241544, 0.2967641312539148, 0.2744212498531945, 0.25647978121085185, 0.26015496545176947, 0.2809455314848888, 0.30617757594738493, 0.34657631195192606, 0.38113769378327594, 0.41752986268791104, 0.4592128410781397, 0.5063560669824616, 0.5575869088631381, 0.6064639690338239, 0.6567081555355465, 0.701937710421234, 0.7417954069448794, 0.7784105367209521, 0.8198231482931413, 0.8703878601628563, 0.9309732716097714, 0.9998030359379894, 0.9332120556686502, 0.768127422290949], [0.26255890571171314, 0.2945581490516364, 0.31093889159391636, 0.3261744746809427, 0.3402425716410899, 0.3439520105014876, 0.34430984893712807, 0.3394811709696993, 0.32098168845912933, 0.29788275867131225, 0.2668528140169903, 0.23971443881146257, 0.2363077863196837, 0.25281377231443786, 0.27370970188694016, 0.30985872416222987, 0.33851378381420294, 0.3715096989508299, 0.4104523077826496, 0.45540415557469466, 0.5052953971578453, 0.5534882824733792, 0.6029589874334481, 0.6483793894848106, 0.6884988891716254, 0.7236796067569684, 0.7587110720717194, 0.8062234526699029, 0.865118153969621, 0.9332120556686502, 0.9999963298621986, 0.8313822472987786], [0.0034911398076727367, -0.004111112788146915, -0.0022120853221569547, -0.0015690181085841618, -0.0025149619284372065, 8.150973440971339e-05, 0.0031972855861531206, 0.01242083529488181, 0.029720009063950087, 0.05609700823890502, 0.0896938398569085, 0.11694967429390754, 0.15018437090167946, 0.17677111674953022, 0.21331789020905104, 0.25289375073402753, 0.2865909680355465, 0.3183289434407297, 0.3481691517577513, 0.380422016911995, 0.41012994734575636, 0.43850470022314436, 0.4651503594288287, 0.49029523811854053, 0.5102529887155497, 0.5392535000880833, 0.598545340882399, 0.6477469024036956, 0.7025151454353272, 0.768127422290949, 0.8313822472987786, 1.00020369264798]], "count": 6386}