{"accumulated_matrix": [[3492.58203125, 3091.73828125, 3004.421875, 2968.9140625, 2907.8984375, 2842.92578125, 2758.828125, 2639.64453125, 2448.28125, 2260.6171875, 2119.6796875, 1824.12109375, 1512.458984375, 1388.447265625, 1294.353515625, 1214.2939453125, 1125.623046875, 1125.119140625, 1115.8466796875, 1137.51953125, 1190.1474609375, 1238.720703125, 1295.525390625, 1348.0498046875, 1452.8798828125, 1465.8701171875, 1282.45458984375, 1219.708984375, 1207.14306640625, 1227.275390625, 1242.984375, 623.1989841461182], [3091.73828125, 3491.01171875, 3451.27734375, 3400.33984375, 3323.0625, 3238.0390625, 3130.30859375, 2997.94140625, 2781.17578125, 2562.26953125, 2405.953125, 2096.763671875, 1771.689453125, 1636.986328125, 1532.0546875, 1439.33984375, 1362.794921875, 1359.125, 1345.353515625, 1356.462890625, 1395.568359375, 1438.13671875, 1489.4970703125, 1535.75, 1638.0615234375, 1640.1865234375, 1446.486328125, 1376.6748046875, 1354.7744140625, 1360.48828125, 1333.5009765625, 567.8030152320862], [3004.421875, 3451.27734375, 3491.47265625, 3453.84375, 3391.265625, 3312.9296875, 3204.75390625, 3073.90625, 2851.875, 2628.671875, 2468.6328125, 2151.40234375, 1815.375, 1676.671875, 1568.2421875, 1472.484375, 1392.8359375, 1387.947265625, 1373.130859375, 1384.064453125, 1423.603515625, 1467.7421875, 1520.33203125, 1568.7431640625, 1673.197265625, 1675.865234375, 1476.841796875, 1406.7265625, 1385.9365234375, 1393.6982421875, 1369.009765625, 587.5259032249451], [2968.9140625, 3400.33984375, 3453.84375, 3487.05859375, 3436.73828125, 3368.4765625, 3266.890625, 3134.0546875, 2910.7578125, 2688.2890625, 2525.0859375, 2199.2109375, 1855.21484375, 1714.197265625, 1600.6015625, 1500.662109375, 1415.759765625, 1407.880859375, 1391.900390625, 1402.22265625, 1440.2265625, 1486.111328125, 1538.7099609375, 1587.8681640625, 1694.376953125, 1698.5224609375, 1494.1171875, 1422.46875, 1402.24609375, 1410.7802734375, 1392.0458984375, 615.7170276641846], [2907.8984375, 3323.0625, 3391.265625, 3436.73828125, 3489.84765625, 3430.2265625, 3336.12890625, 3204.25, 2985.48046875, 2765.26171875, 2593.9296875, 2255.890625, 1909.623046875, 1764.8671875, 1645.640625, 1540.15625, 1451.373046875, 1439.421875, 1421.26953125, 1426.669921875, 1459.990234375, 1503.29296875, 1553.6044921875, 1601.912109375, 1707.03515625, 1711.7158203125, 1503.8193359375, 1431.0908203125, 1410.9033203125, 1419.009765625, 1403.265625, 639.6272563934326], [2842.92578125, 3238.0390625, 3312.9296875, 3368.4765625, 3430.2265625, 3488.0078125, 3405.38671875, 3273.0546875, 3049.859375, 2820.66015625, 2642.55859375, 2290.3671875, 1941.9609375, 1793.599609375, 1670.294921875, 1560.50390625, 1468.7890625, 1453.197265625, 1431.748046875, 1434.1484375, 1464.07421875, 1506.154296875, 1552.78515625, 1599.21875, 1702.283203125, 1705.724609375, 1498.279296875, 1425.490234375, 1404.9208984375, 1411.67578125, 1397.98046875, 646.1891248226166], [2758.828125, 3130.30859375, 3204.75390625, 3266.890625, 3336.12890625, 3405.38671875, 3488.23046875, 3354.53125, 3129.66796875, 2881.61328125, 2692.171875, 2323.1171875, 1974.798828125, 1823.837890625, 1693.623046875, 1578.380859375, 1484.81640625, 1462.87890625, 1438.09765625, 1434.958984375, 1459.943359375, 1497.333984375, 1538.095703125, 1581.2861328125, 1680.6474609375, 1683.5859375, 1478.7451171875, 1405.484375, 1383.376953125, 1387.3173828125, 1373.8759765625, 651.7161636352539], [2639.64453125, 2997.94140625, 3073.90625, 3134.0546875, 3204.25, 3273.0546875, 3354.53125, 3488.0703125, 3241.71484375, 2963.27734375, 2755.109375, 2360.23046875, 2009.5703125, 1854.365234375, 1714.689453125, 1591.662109375, 1500.3203125, 1473.474609375, 1445.447265625, 1436.69140625, 1455.65234375, 1486.05078125, 1519.265625, 1555.349609375, 1646.4853515625, 1645.90234375, 1448.0556640625, 1376.7099609375, 1352.8798828125, 1351.724609375, 1338.150390625, 640.2637096643448], [2448.28125, 2781.17578125, 2851.875, 2910.7578125, 2985.48046875, 3049.859375, 3129.66796875, 3241.71484375, 3488.578125, 3150.12890625, 2904.10546875, 2455.70703125, 2101.1328125, 1934.625, 1780.5546875, 1644.44921875, 1542.140625, 1505.97265625, 1467.25, 1445.587890625, 1449.232421875, 1465.939453125, 1486.529296875, 1513.6435546875, 1590.6396484375, 1585.6962890625, 1401.8125, 1329.9658203125, 1301.3701171875, 1291.52734375, 1268.97265625, 639.5236616134644], [2260.6171875, 2562.26953125, 2628.671875, 2688.2890625, 2765.26171875, 2820.66015625, 2881.61328125, 2963.27734375, 3150.12890625, 3488.9765625, 3186.33203125, 2655.984375, 2284.9453125, 2093.015625, 1915.912109375, 1757.060546875, 1631.833984375, 1581.98828125, 1531.615234375, 1496.13671875, 1483.9609375, 1486.53515625, 1495.736328125, 1511.876953125, 1574.55859375, 1565.6787109375, 1388.3466796875, 1315.03515625, 1280.765625, 1260.544921875, 1229.4619140625, 653.6444816589355], [2119.6796875, 2405.953125, 2468.6328125, 2525.0859375, 2593.9296875, 2642.55859375, 2692.171875, 2755.109375, 2904.10546875, 3186.33203125, 3489.3515625, 2883.03125, 2486.39453125, 2268.734375, 2068.4453125, 1886.26953125, 1746.947265625, 1681.90625, 1619.65234375, 1571.90234375, 1546.115234375, 1536.033203125, 1533.6640625, 1540.77734375, 1590.486328125, 1576.6201171875, 1405.0078125, 1327.7060546875, 1286.78515625, 1256.87890625, 1220.9345703125, 671.4807453155518], [1824.12109375, 2096.763671875, 2151.40234375, 2199.2109375, 2255.890625, 2290.3671875, 2323.1171875, 2360.23046875, 2455.70703125, 2655.984375, 2883.03125, 3488.3671875, 2892.50390625, 2594.85546875, 2327.09765625, 2108.1796875, 1936.5, 1846.607421875, 1760.095703125, 1687.44140625, 1636.68359375, 1604.12890625, 1580.689453125, 1566.81640625, 1592.2578125, 1565.40625, 1403.7587890625, 1323.9755859375, 1272.837890625, 1227.29296875, 1177.265625, 674.2311401367188], [1512.458984375, 1771.689453125, 1815.375, 1855.21484375, 1909.623046875, 1941.9609375, 1974.798828125, 2009.5703125, 2101.1328125, 2284.9453125, 2486.39453125, 2892.50390625, 3488.21875, 3131.44140625, 2771.1171875, 2472.65234375, 2253.1796875, 2116.23828125, 1989.009765625, 1881.923828125, 1790.759765625, 1715.42578125, 1658.7265625, 1612.61328125, 1598.77734375, 1554.0625, 1414.24609375, 1326.76953125, 1259.6728515625, 1190.31640625, 1115.5400390625, 684.5139770507812], [1388.447265625, 1636.986328125, 1676.671875, 1714.197265625, 1764.8671875, 1793.599609375, 1823.837890625, 1854.365234375, 1934.625, 2093.015625, 2268.734375, 2594.85546875, 3131.44140625, 3488.046875, 3085.765625, 2751.73828125, 2497.46484375, 2328.9375, 2179.58203125, 2050.09375, 1934.884765625, 1838.169921875, 1762.05078125, 1699.43359375, 1664.87109375, 1608.126953125, 1474.82421875, 1381.30859375, 1303.4375, 1218.392578125, 1128.34375, 720.928955078125], [1294.353515625, 1532.0546875, 1568.2421875, 1600.6015625, 1645.640625, 1670.294921875, 1693.623046875, 1714.689453125, 1780.5546875, 1915.912109375, 2068.4453125, 2327.09765625, 2771.1171875, 3085.765625, 3487.44921875, 3106.87109375, 2822.80859375, 2621.67578125, 2441.23046875, 2285.83203125, 2140.91015625, 2019.4921875, 1919.52734375, 1836.533203125, 1779.810546875, 1709.841796875, 1577.71484375, 1475.048828125, 1384.125, 1281.4140625, 1173.8251953125, 775.26513671875], [1214.2939453125, 1439.33984375, 1472.484375, 1500.662109375, 1540.15625, 1560.50390625, 1578.380859375, 1591.662109375, 1644.44921875, 1757.060546875, 1886.26953125, 2108.1796875, 2472.65234375, 2751.73828125, 3106.87109375, 3488.1953125, 3169.63671875, 2937.03125, 2729.80078125, 2547.30859375, 2375.046875, 2227.0546875, 2104.2109375, 1999.79296875, 1922.033203125, 1839.119140625, 1706.892578125, 1593.3046875, 1486.982421875, 1365.705078125, 1240.8662109375, 843.03515625], [1125.623046875, 1362.794921875, 1392.8359375, 1415.759765625, 1451.373046875, 1468.7890625, 1484.81640625, 1500.3203125, 1542.140625, 1631.833984375, 1746.947265625, 1936.5, 2253.1796875, 2497.46484375, 2822.80859375, 3169.63671875, 3488.6796875, 3237.48828125, 3006.5625, 2799.9453125, 2600.15234375, 2427.265625, 2281.9375, 2156.4609375, 2055.7890625, 1958.61328125, 1830.466796875, 1705.162109375, 1585.76171875, 1445.814453125, 1298.08984375, 900.43359375], [1125.119140625, 1359.125, 1387.947265625, 1407.880859375, 1439.421875, 1453.197265625, 1462.87890625, 1473.474609375, 1505.97265625, 1581.98828125, 1681.90625, 1846.607421875, 2116.23828125, 2328.9375, 2621.67578125, 2937.03125, 3237.48828125, 3489.375, 3240.5859375, 3019.9375, 2805.3203125, 2616.32421875, 2459.8828125, 2321.74609375, 2208.1953125, 2101.91796875, 1969.771484375, 1835.220703125, 1706.806640625, 1556.673828125, 1396.162109375, 973.92529296875], [1115.8466796875, 1345.353515625, 1373.130859375, 1391.900390625, 1421.26953125, 1431.748046875, 1438.09765625, 1445.447265625, 1467.25, 1531.615234375, 1619.65234375, 1760.095703125, 1989.009765625, 2179.58203125, 2441.23046875, 2729.80078125, 3006.5625, 3240.5859375, 3488.86328125, 3250.8359375, 3017.81640625, 2809.0078125, 2638.0390625, 2486.765625, 2360.03125, 2244.6484375, 2108.953125, 1964.833984375, 1828.021484375, 1665.34765625, 1490.859375, 1054.0810546875], [1137.51953125, 1356.462890625, 1384.064453125, 1402.22265625, 1426.669921875, 1434.1484375, 1434.958984375, 1436.69140625, 1445.587890625, 1496.13671875, 1571.90234375, 1687.44140625, 1881.923828125, 2050.09375, 2285.83203125, 2547.30859375, 2799.9453125, 3019.9375, 3250.8359375, 3489.3203125, 3239.34375, 3016.84765625, 2834.54296875, 2671.98046875, 2533.328125, 2408.875, 2266.03515625, 2110.67578125, 1963.021484375, 1790.080078125, 1606.71484375, 1142.2001953125], [1190.1474609375, 1395.568359375, 1423.603515625, 1440.2265625, 1459.990234375, 1464.07421875, 1459.943359375, 1455.65234375, 1449.232421875, 1483.9609375, 1546.115234375, 1636.68359375, 1790.759765625, 1934.884765625, 2140.91015625, 2375.046875, 2600.15234375, 2805.3203125, 3017.81640625, 3239.34375, 3489.08203125, 3253.85546875, 3062.3515625, 2888.2890625, 2739.6171875, 2603.60546875, 2449.7265625, 2280.76171875, 2121.12890625, 1937.5, 1742.400390625, 1238.751953125], [1238.720703125, 1438.13671875, 1467.7421875, 1486.111328125, 1503.29296875, 1506.154296875, 1497.333984375, 1486.05078125, 1465.939453125, 1486.53515625, 1536.033203125, 1604.12890625, 1715.42578125, 1838.169921875, 2019.4921875, 2227.0546875, 2427.265625, 2616.32421875, 2809.0078125, 3016.84765625, 3253.85546875, 3488.54296875, 3286.79296875, 3102.921875, 2945.5859375, 2799.53125, 2635.0390625, 2453.21484375, 2282.83984375, 2086.986328125, 1882.015625, 1346.5869140625], [1295.525390625, 1489.4970703125, 1520.33203125, 1538.7099609375, 1553.6044921875, 1552.78515625, 1538.095703125, 1519.265625, 1486.529296875, 1495.736328125, 1533.6640625, 1580.689453125, 1658.7265625, 1762.05078125, 1919.52734375, 2104.2109375, 2281.9375, 2459.8828125, 2638.0390625, 2834.54296875, 3062.3515625, 3286.79296875, 3488.17578125, 3300.78515625, 3139.25, 2987.1953125, 2813.875, 2623.12109375, 2444.3671875, 2240.865234375, 2028.5078125, 1440.6767578125], [1348.0498046875, 1535.75, 1568.7431640625, 1587.8681640625, 1601.912109375, 1599.21875, 1581.2861328125, 1555.349609375, 1513.6435546875, 1511.876953125, 1540.77734375, 1566.81640625, 1612.61328125, 1699.43359375, 1836.533203125, 1999.79296875, 2156.4609375, 2321.74609375, 2486.765625, 2671.98046875, 2888.2890625, 3102.921875, 3300.78515625, 3487.74609375, 3322.80859375, 3163.9453125, 2979.63671875, 2779.671875, 2592.72265625, 2380.7890625, 2163.388671875, 1543.095703125], [1452.8798828125, 1638.0615234375, 1673.197265625, 1694.376953125, 1707.03515625, 1702.283203125, 1680.6474609375, 1646.4853515625, 1590.6396484375, 1574.55859375, 1590.486328125, 1592.2578125, 1598.77734375, 1664.87109375, 1779.810546875, 1922.033203125, 2055.7890625, 2208.1953125, 2360.03125, 2533.328125, 2739.6171875, 2945.5859375, 3139.25, 3322.80859375, 3487.45703125, 3328.3671875, 3129.55078125, 2921.51953125, 2729.02734375, 2514.8515625, 2295.60546875, 1621.380859375], [1465.8701171875, 1640.1865234375, 1675.865234375, 1698.5224609375, 1711.7158203125, 1705.724609375, 1683.5859375, 1645.90234375, 1585.6962890625, 1565.6787109375, 1576.6201171875, 1565.40625, 1554.0625, 1608.126953125, 1709.841796875, 1839.119140625, 1958.61328125, 2101.91796875, 2244.6484375, 2408.875, 2603.60546875, 2799.53125, 2987.1953125, 3163.9453125, 3328.3671875, 3488.37890625, 3286.46875, 3070.67578125, 2869.7265625, 2643.3203125, 2415.05859375, 1731.8291015625], [1282.45458984375, 1446.486328125, 1476.841796875, 1494.1171875, 1503.8193359375, 1498.279296875, 1478.7451171875, 1448.0556640625, 1401.8125, 1388.3466796875, 1405.0078125, 1403.7587890625, 1414.24609375, 1474.82421875, 1577.71484375, 1706.892578125, 1830.466796875, 1969.771484375, 2108.953125, 2266.03515625, 2449.7265625, 2635.0390625, 2813.875, 2979.63671875, 3129.55078125, 3286.46875, 3489.28125, 3263.1796875, 3039.06640625, 2780.63671875, 2519.109375, 1892.78515625], [1219.708984375, 1376.6748046875, 1406.7265625, 1422.46875, 1431.0908203125, 1425.490234375, 1405.484375, 1376.7099609375, 1329.9658203125, 1315.03515625, 1327.7060546875, 1323.9755859375, 1326.76953125, 1381.30859375, 1475.048828125, 1593.3046875, 1705.162109375, 1835.220703125, 1964.833984375, 2110.67578125, 2280.76171875, 2453.21484375, 2623.12109375, 2779.671875, 2921.51953125, 3070.67578125, 3263.1796875, 3488.8828125, 3246.34765625, 2964.28125, 2683.31640625, 2068.099609375], [1207.14306640625, 1354.7744140625, 1385.9365234375, 1402.24609375, 1410.9033203125, 1404.9208984375, 1383.376953125, 1352.8798828125, 1301.3701171875, 1280.765625, 1286.78515625, 1272.837890625, 1259.6728515625, 1303.4375, 1384.125, 1486.982421875, 1585.76171875, 1706.806640625, 1828.021484375, 1963.021484375, 2121.12890625, 2282.83984375, 2444.3671875, 2592.72265625, 2729.02734375, 2869.7265625, 3039.06640625, 3246.34765625, 3489.01953125, 3190.52734375, 2895.171875, 2273.140625], [1227.275390625, 1360.48828125, 1393.6982421875, 1410.7802734375, 1419.009765625, 1411.67578125, 1387.3173828125, 1351.724609375, 1291.52734375, 1260.544921875, 1256.87890625, 1227.29296875, 1190.31640625, 1218.392578125, 1281.4140625, 1365.705078125, 1445.814453125, 1556.673828125, 1665.34765625, 1790.080078125, 1937.5, 2086.986328125, 2240.865234375, 2380.7890625, 2514.8515625, 2643.3203125, 2780.63671875, 2964.28125, 3190.52734375, 3488.703125, 3181.26171875, 2536.318359375], [1242.984375, 1333.5009765625, 1369.009765625, 1392.0458984375, 1403.265625, 1397.98046875, 1373.8759765625, 1338.150390625, 1268.97265625, 1229.4619140625, 1220.9345703125, 1177.265625, 1115.5400390625, 1128.34375, 1173.8251953125, 1240.8662109375, 1298.08984375, 1396.162109375, 1490.859375, 1606.71484375, 1742.400390625, 1882.015625, 2028.5078125, 2163.388671875, 2295.60546875, 2415.05859375, 2519.109375, 2683.31640625, 2895.171875, 3181.26171875, 3488.41015625, 2870.61328125], [623.1989841461182, 567.8030152320862, 587.5259032249451, 615.7170276641846, 639.6272563934326, 646.1891248226166, 651.7161636352539, 640.2637096643448, 639.5236616134644, 653.6444816589355, 671.4807453155518, 674.2311401367188, 684.5139770507812, 720.928955078125, 775.26513671875, 843.03515625, 900.43359375, 973.92529296875, 1054.0810546875, 1142.2001953125, 1238.751953125, 1346.5869140625, 1440.6767578125, 1543.095703125, 1621.380859375, 1731.8291015625, 1892.78515625, 2068.099609375, 2273.140625, 2536.318359375, 2870.61328125, 3488.13671875]], "average_matrix": [[1.0010266641587848, 0.8861388023072514, 0.8611126038979651, 0.8509355295213529, 0.8334475315276584, 0.8148253887216967, 0.7907217325881342, 0.756561917813127, 0.7017143164230438, 0.6479269668959587, 0.6075321546288335, 0.5228206058326168, 0.4334935466824305, 0.39794991849383776, 0.37098123119088566, 0.3480349513650043, 0.32262053507451993, 0.32247610794640297, 0.3198184808505302, 0.32603024684723414, 0.34111420491186584, 0.3550360284107194, 0.37131710823301806, 0.38637139715892804, 0.41641727796288336, 0.4201404749749212, 0.36757081967433364, 0.34958698319719117, 0.3459854016641588, 0.35175562929922616, 0.3562580610490112, 0.17861822417486906], [0.8861388023072514, 1.0005765889223273, 0.9891881180137575, 0.9745886625824018, 0.9524398108340498, 0.9280708118372026, 0.8971936353539696, 0.8592552038549728, 0.7971269077815993, 0.7343850763112639, 0.689582437661221, 0.6009640790699341, 0.5077929071725423, 0.46918496076956145, 0.4391099706219547, 0.4125364986385784, 0.3905975700415592, 0.3895457151046145, 0.3855986000644884, 0.3887827144239037, 0.3999909313198624, 0.41219166487532244, 0.4269123159393809, 0.44016910289481226, 0.46949312795571796, 0.4701021849921181, 0.4145847888005159, 0.39457575370808257, 0.3882987715856979, 0.38993645206362854, 0.3822014836808541, 0.16274090433708402], [0.8611126038979651, 0.9891881180137575, 1.0007087005588995, 0.9899236887360275, 0.9719878546861564, 0.949535594009745, 0.9185307842505016, 0.8810278733161364, 0.817390369733448, 0.7534169891086271, 0.7075473810547435, 0.616624346159358, 0.5203138435081686, 0.48055943680137575, 0.44948185368300375, 0.4220362209802236, 0.39920777801662366, 0.3978066109558613, 0.3935600055531671, 0.39669373835626254, 0.4080262297578103, 0.4206770385497277, 0.4357500806104901, 0.4496254411185153, 0.4795635613714531, 0.4803282414373746, 0.42328512378188593, 0.4031890405560333, 0.39723030193106906, 0.3994549275401261, 0.39237883795500145, 0.1683937813771697], [0.8509355295213529, 0.9745886625824018, 0.9899236887360275, 0.9994435637002006, 0.9850210035110347, 0.9654561658068215, 0.9363401046145027, 0.8982673222986529, 0.8342670715104614, 0.7705041738320436, 0.7237276977644024, 0.6303270098882201, 0.5317325433505302, 0.49131477948552593, 0.45875653840642017, 0.4301123844582975, 0.40577809275580395, 0.4035198794425337, 0.39893963617798794, 0.4018981531241043, 0.4127906456004586, 0.42594191118515334, 0.44101747232373173, 0.4551069544461164, 0.48563397911292633, 0.4868221441494698, 0.42823651117798794, 0.40770098882201206, 0.40190487066494696, 0.4043508952242763, 0.3989813409107194, 0.17647378264952265], [0.8334475315276584, 0.9524398108340498, 0.9719878546861564, 0.9850210035110347, 1.0002429510604758, 0.9831546467469189, 0.9561848398538263, 0.9183863571223846, 0.8556837113069647, 0.7925656975494411, 0.7434593543995414, 0.6465722628260246, 0.5473267546216681, 0.5058375429922614, 0.4716654127257094, 0.4414320005732302, 0.4159853960662081, 0.41256001003152765, 0.40735727464889654, 0.40890510801805674, 0.4184552119160218, 0.4308664284178848, 0.44528646952923473, 0.45913216089853826, 0.48926201096302663, 0.49060355984881054, 0.43101729318930926, 0.4101722041595013, 0.4043861623137002, 0.4067095917526512, 0.4021970836916022, 0.1833268146728096], [0.8148253887216967, 0.9280708118372026, 0.949535594009745, 0.9654561658068215, 0.9831546467469189, 0.9997156241043279, 0.9760351730438521, 0.9381068178561193, 0.8741356764115793, 0.8084437249211809, 0.7573971320578963, 0.6564537654055603, 0.5565952815993122, 0.514072688270278, 0.4787317058971052, 0.4472639456147893, 0.420977088707366, 0.4165082446617942, 0.4103605752006306, 0.4110485633419318, 0.41962574340785325, 0.4316865281957581, 0.44505163549727716, 0.4583602034967039, 0.4879000295571797, 0.4888863884709086, 0.42942943447262827, 0.40856699179564343, 0.40267151001361423, 0.40460756126397246, 0.400682278231585, 0.1852075450910337], [0.7907217325881342, 0.8971936353539696, 0.9185307842505016, 0.9363401046145027, 0.9561848398538263, 0.9760351730438521, 0.999779440742333, 0.9614592290054457, 0.8970100225709372, 0.8259138094726283, 0.7716170464316423, 0.6658404091430209, 0.5660071161149326, 0.5227394355474348, 0.48541789821582115, 0.45238774989251934, 0.42557076705359703, 0.4192831488248782, 0.412180468973918, 0.41128087829607335, 0.4184417768343365, 0.42915849365864145, 0.44084141677414734, 0.4532204450594726, 0.48169889966680995, 0.48254111134995703, 0.423830644077816, 0.4028330108913729, 0.39649669049154485, 0.3976260770457151, 0.3937735673724563, 0.1867916777401129], [0.756561917813127, 0.8592552038549728, 0.8810278733161364, 0.8982673222986529, 0.9183863571223846, 0.9381068178561193, 0.9614592290054457, 0.9997335375465749, 0.929124346159358, 0.8493199609486959, 0.7896558827744339, 0.6764776350673546, 0.5759731477500717, 0.5314890324949842, 0.49145584784322155, 0.45619435637002004, 0.4300144203210089, 0.42232003708082544, 0.4142869778231585, 0.41177741652335914, 0.4172119070650616, 0.4259245575379765, 0.4354444325021496, 0.4457866464244769, 0.47190752409357983, 0.47174042526511895, 0.4150345841394382, 0.3945858300193465, 0.38775577036758385, 0.3874246515835483, 0.38353407584551447, 0.1835092317753926], [0.7017143164230438, 0.7971269077815993, 0.817390369733448, 0.8342670715104614, 0.8556837113069647, 0.8741356764115793, 0.8970100225709372, 0.929124346159358, 0.9998790842648323, 0.9028744357265692, 0.8323604095012898, 0.7038426572800229, 0.6022163406420178, 0.5544926913155632, 0.510333816996274, 0.47132393773287473, 0.44200075236457437, 0.43163446725422755, 0.4205359701920321, 0.41432728306821437, 0.4153718606692462, 0.420160347699914, 0.42606170733018056, 0.43383306239251934, 0.45590130365075954, 0.45448446232803097, 0.40178059615935796, 0.38118825460375466, 0.3729922949806535, 0.3701712077242763, 0.3637066942533677, 0.18329712284708063], [0.6479269668959587, 0.7343850763112639, 0.7534169891086271, 0.7705041738320436, 0.7925656975494411, 0.8084437249211809, 0.8259138094726283, 0.8493199609486959, 0.9028744357265692, 0.9999932824591573, 0.91325079714818, 0.7612451633705933, 0.6548997742906277, 0.5998898323301806, 0.5491292947477787, 0.5036000420965893, 0.4677082213743193, 0.45342169138721694, 0.43898401673115506, 0.4288153392805962, 0.42532557681284033, 0.42606338671539123, 0.4287005812912009, 0.4333267277515047, 0.45129223094009746, 0.44874712265333905, 0.3979210890477214, 0.3769089011894526, 0.36708673688736027, 0.3612911785253654, 0.3523823198803382, 0.18734436275693195], [0.6075321546288335, 0.689582437661221, 0.7075473810547435, 0.7237276977644024, 0.7434593543995414, 0.7573971320578963, 0.7716170464316423, 0.7896558827744339, 0.8323604095012898, 0.91325079714818, 1.0001007631126397, 0.8263202206936084, 0.7126381574233305, 0.650253475207796, 0.5928476103468042, 0.5406332849670392, 0.5007014232229865, 0.4820596875895672, 0.4642167795213528, 0.4505309096445973, 0.4431399353324735, 0.44025027317999427, 0.43957124175981654, 0.44161001540556033, 0.4558573597377472, 0.4518830946367154, 0.402696420894239, 0.3805405717075093, 0.36881202529378043, 0.3602404431785612, 0.34993825460375466, 0.19245650481959065], [0.5228206058326168, 0.6009640790699341, 0.616624346159358, 0.6303270098882201, 0.6465722628260246, 0.6564537654055603, 0.6658404091430209, 0.6764776350673546, 0.7038426572800229, 0.7612451633705933, 0.8263202206936084, 0.9998186263972485, 0.8290352267841788, 0.743724697262826, 0.6669812714961307, 0.604236081255374, 0.555030094582975, 0.5292655264760676, 0.5044699636357123, 0.48364614681857265, 0.4690981925336773, 0.45976752830323875, 0.4530494276655202, 0.4490732032817426, 0.45636509386643737, 0.4486690312410433, 0.4023384319468329, 0.3794713631233878, 0.3648145286973345, 0.3517606674548581, 0.3374220765262253, 0.19324480944016015], [0.4334935466824305, 0.5077929071725423, 0.5203138435081686, 0.5317325433505302, 0.5473267546216681, 0.5565952815993122, 0.5660071161149326, 0.5759731477500717, 0.6022163406420178, 0.6548997742906277, 0.7126381574233305, 0.8290352267841788, 0.9997760819719117, 0.8975183164946976, 0.7942439631699627, 0.7086994393092577, 0.6457952672685583, 0.6065457957151046, 0.5700801850458584, 0.5393877409357982, 0.5132587462381771, 0.49166689058469476, 0.475416039696188, 0.46219927808827743, 0.45823368981083407, 0.4454177414732015, 0.40534425157638293, 0.3802721499713385, 0.3610412300265119, 0.34116262718543994, 0.31973059302450557, 0.19619202552329643], [0.39794991849383776, 0.46918496076956145, 0.48055943680137575, 0.49131477948552593, 0.5058375429922614, 0.514072688270278, 0.5227394355474348, 0.5314890324949842, 0.5544926913155632, 0.5998898323301806, 0.650253475207796, 0.743724697262826, 0.8975183164946976, 0.9997268200057323, 0.8844269489825165, 0.7886896764832331, 0.7158110758813414, 0.6675085984522786, 0.6247010694325021, 0.5875877758670106, 0.5545671440599026, 0.5268472117727142, 0.5050303185010031, 0.4870832885497277, 0.47717715498710234, 0.4609134288119805, 0.42270685547434794, 0.39590386751218115, 0.3735848380624821, 0.3492096813198624, 0.32340032960733733, 0.2066291072164302], [0.37098123119088566, 0.4391099706219547, 0.44948185368300375, 0.45875653840642017, 0.4716654127257094, 0.4787317058971052, 0.48541789821582115, 0.49145584784322155, 0.510333816996274, 0.5491292947477787, 0.5928476103468042, 0.6669812714961307, 0.7942439631699627, 0.8844269489825165, 0.9995555227142447, 0.8904760945113213, 0.8090594994984236, 0.7514118031670965, 0.6996934562195471, 0.6551539212525079, 0.6136171270421324, 0.5788169067067928, 0.5501654754227573, 0.5263781035038693, 0.5101205350745199, 0.4900664364789338, 0.4521968597735741, 0.42277123190742333, 0.3967110920034394, 0.36727258885067354, 0.3364359975100315, 0.22220267604435368], [0.3480349513650043, 0.4125364986385784, 0.4220362209802236, 0.4301123844582975, 0.4414320005732302, 0.4472639456147893, 0.45238774989251934, 0.45619435637002004, 0.47132393773287473, 0.5036000420965893, 0.5406332849670392, 0.604236081255374, 0.7086994393092577, 0.7886896764832331, 0.8904760945113213, 0.9997693644310691, 0.9084656688879335, 0.8417974347950702, 0.7824020582545141, 0.7300970460733734, 0.6807242404700488, 0.6383074484092863, 0.6030985776726856, 0.5731708136285468, 0.5508836924978504, 0.5271192721768415, 0.48922114592290056, 0.45666514402407565, 0.42619157978647176, 0.391431664696188, 0.35565096329535684, 0.24162658533963888], [0.32262053507451993, 0.3905975700415592, 0.39920777801662366, 0.40577809275580395, 0.4159853960662081, 0.420977088707366, 0.42557076705359703, 0.4300144203210089, 0.44200075236457437, 0.4677082213743193, 0.5007014232229865, 0.555030094582975, 0.6457952672685583, 0.7158110758813414, 0.8090594994984236, 0.9084656688879335, 0.9999081936084838, 0.9279129496274005, 0.8617261392949269, 0.8025065384064202, 0.7452428614932646, 0.6956909214674691, 0.6540376898824878, 0.6180742153912295, 0.5892201382917741, 0.5613680943680137, 0.5246393800157638, 0.488725167490685, 0.45450321546288336, 0.41439221929636, 0.37205211916021785, 0.2580778428632846], [0.32247610794640297, 0.3895457151046145, 0.3978066109558613, 0.4035198794425337, 0.41256001003152765, 0.4165082446617942, 0.4192831488248782, 0.42232003708082544, 0.43163446725422755, 0.45342169138721694, 0.4820596875895672, 0.5292655264760676, 0.6065457957151046, 0.6675085984522786, 0.7514118031670965, 0.8417974347950702, 0.9279129496274005, 1.0001074806534824, 0.9288007846087705, 0.8655596159357982, 0.8040470944396675, 0.7498779646746919, 0.7050394991401547, 0.665447433003726, 0.6329020672112353, 0.6024413782602465, 0.5645662036041846, 0.526001921216681, 0.4891965149398108, 0.4461661874820866, 0.4001611090212095, 0.2791416718167813], [0.3198184808505302, 0.3855986000644884, 0.3935600055531671, 0.39893963617798794, 0.40735727464889654, 0.4103605752006306, 0.412180468973918, 0.4142869778231585, 0.4205359701920321, 0.43898401673115506, 0.4642167795213528, 0.5044699636357123, 0.5700801850458584, 0.6247010694325021, 0.6996934562195471, 0.7824020582545141, 0.8617261392949269, 0.9288007846087705, 0.9999608143450845, 0.9317385891372886, 0.8649516784895386, 0.8051039875322442, 0.7561017662654056, 0.7127445184866724, 0.676420535970192, 0.6433500824018343, 0.6044577601031814, 0.5631510416666666, 0.5239385165878475, 0.4773137449842362, 0.42730277300085984, 0.30211552154987104], [0.32603024684723414, 0.3887827144239037, 0.39669373835626254, 0.4018981531241043, 0.40890510801805674, 0.4110485633419318, 0.41128087829607335, 0.41177741652335914, 0.41432728306821437, 0.4288153392805962, 0.4505309096445973, 0.48364614681857265, 0.5393877409357982, 0.5875877758670106, 0.6551539212525079, 0.7300970460733734, 0.8025065384064202, 0.8655596159357982, 0.9317385891372886, 1.0000918063915163, 0.92844475494411, 0.8646740201347091, 0.8124227482803096, 0.7658298849957008, 0.7260900329607337, 0.6904198910862711, 0.649479838420751, 0.604951499355116, 0.5626315518415018, 0.5130639375537404, 0.46050869697621094, 0.32737179573301806], [0.34111420491186584, 0.3999909313198624, 0.4080262297578103, 0.4127906456004586, 0.4184552119160218, 0.41962574340785325, 0.4184417768343365, 0.4172119070650616, 0.4153718606692462, 0.42532557681284033, 0.4431399353324735, 0.4690981925336773, 0.5132587462381771, 0.5545671440599026, 0.6136171270421324, 0.6807242404700488, 0.7452428614932646, 0.8040470944396675, 0.8649516784895386, 0.92844475494411, 1.0000235113929492, 0.9326040323158498, 0.8777161256807108, 0.8278271890226426, 0.7852155882774434, 0.7462325791774147, 0.7021285647750072, 0.653700693250215, 0.6079475225709372, 0.5553167096589281, 0.49939822029951275, 0.35504498513184296], [0.3550360284107194, 0.41219166487532244, 0.4206770385497277, 0.42594191118515334, 0.4308664284178848, 0.4316865281957581, 0.42915849365864145, 0.4259245575379765, 0.420160347699914, 0.42606338671539123, 0.44025027317999427, 0.45976752830323875, 0.49166689058469476, 0.5268472117727142, 0.5788169067067928, 0.6383074484092863, 0.6956909214674691, 0.7498779646746919, 0.8051039875322442, 0.8646740201347091, 0.9326040323158498, 0.9998690079535684, 0.9420444163800515, 0.8893441888793351, 0.8442493372026368, 0.8023878618515334, 0.7552419210375466, 0.7031283587704213, 0.6542963152049298, 0.5981617449484092, 0.5394140513040986, 0.3859521106513328], [0.37131710823301806, 0.4269123159393809, 0.4357500806104901, 0.44101747232373173, 0.44528646952923473, 0.44505163549727716, 0.44084141677414734, 0.4354444325021496, 0.42606170733018056, 0.4287005812912009, 0.43957124175981654, 0.4530494276655202, 0.475416039696188, 0.5050303185010031, 0.5501654754227573, 0.6030985776726856, 0.6540376898824878, 0.7050394991401547, 0.7561017662654056, 0.8124227482803096, 0.8777161256807108, 0.9420444163800515, 0.9997637664803669, 0.9460547882631126, 0.89975637718544, 0.8561752113786185, 0.8064989968472341, 0.7518260515190599, 0.7005924871023216, 0.6422657593508169, 0.5814009207509315, 0.41291967836414445], [0.38637139715892804, 0.44016910289481226, 0.4496254411185153, 0.4551069544461164, 0.45913216089853826, 0.4583602034967039, 0.4532204450594726, 0.4457866464244769, 0.43383306239251934, 0.4333267277515047, 0.44161001540556033, 0.4490732032817426, 0.46219927808827743, 0.4870832885497277, 0.5263781035038693, 0.5731708136285468, 0.6180742153912295, 0.665447433003726, 0.7127445184866724, 0.7658298849957008, 0.8278271890226426, 0.8893441888793351, 0.9460547882631126, 0.9996406115649183, 0.9523670374749211, 0.9068344260533104, 0.8540088044568644, 0.7966958655775294, 0.743113401046145, 0.6823700379764975, 0.6200598085053024, 0.4422744921539123], [0.41641727796288336, 0.46949312795571796, 0.4795635613714531, 0.48563397911292633, 0.48926201096302663, 0.4879000295571797, 0.48169889966680995, 0.47190752409357983, 0.45590130365075954, 0.45129223094009746, 0.4558573597377472, 0.45636509386643737, 0.45823368981083407, 0.47717715498710234, 0.5101205350745199, 0.5508836924978504, 0.5892201382917741, 0.6329020672112353, 0.676420535970192, 0.7260900329607337, 0.7852155882774434, 0.8442493372026368, 0.89975637718544, 0.9523670374749211, 0.9995577618945256, 0.9539602142447693, 0.896976434866724, 0.8373515423473775, 0.7821803794067068, 0.720794371596446, 0.6579551357838922, 0.4647121981584981], [0.4201404749749212, 0.4701021849921181, 0.4803282414373746, 0.4868221441494698, 0.49060355984881054, 0.4888863884709086, 0.48254111134995703, 0.47174042526511895, 0.45448446232803097, 0.44874712265333905, 0.4518830946367154, 0.4486690312410433, 0.4454177414732015, 0.4609134288119805, 0.4900664364789338, 0.5271192721768415, 0.5613680943680137, 0.6024413782602465, 0.6433500824018343, 0.6904198910862711, 0.7462325791774147, 0.8023878618515334, 0.8561752113786185, 0.9068344260533104, 0.9539602142447693, 0.9998219851676698, 0.941951490398395, 0.8801019722699914, 0.8225068966752651, 0.7576154521352824, 0.6921922022785899, 0.49636832948194326], [0.36757081967433364, 0.4145847888005159, 0.42328512378188593, 0.42823651117798794, 0.43101729318930926, 0.42942943447262827, 0.423830644077816, 0.4150345841394382, 0.40178059615935796, 0.3979210890477214, 0.402696420894239, 0.4023384319468329, 0.40534425157638293, 0.42270685547434794, 0.4521968597735741, 0.48922114592290056, 0.5246393800157638, 0.5645662036041846, 0.6044577601031814, 0.649479838420751, 0.7021285647750072, 0.7552419210375466, 0.8064989968472341, 0.8540088044568644, 0.896976434866724, 0.941951490398395, 1.0000806104901119, 0.9352764939810834, 0.8710422488535396, 0.7969724043422184, 0.7220147248495271, 0.5425007613212955], [0.34958698319719117, 0.39457575370808257, 0.4031890405560333, 0.40770098882201206, 0.4101722041595013, 0.40856699179564343, 0.4028330108913729, 0.3945858300193465, 0.38118825460375466, 0.3769089011894526, 0.3805405717075093, 0.3794713631233878, 0.3802721499713385, 0.39590386751218115, 0.42277123190742333, 0.45666514402407565, 0.488725167490685, 0.526001921216681, 0.5631510416666666, 0.604951499355116, 0.653700693250215, 0.7031283587704213, 0.7518260515190599, 0.7966958655775294, 0.8373515423473775, 0.8801019722699914, 0.9352764939810834, 0.9999664122957868, 0.9304521800659215, 0.8496076956147893, 0.7690789355832617, 0.5927485266193752], [0.3459854016641588, 0.3882987715856979, 0.39723030193106906, 0.40190487066494696, 0.4043861623137002, 0.40267151001361423, 0.39649669049154485, 0.38775577036758385, 0.3729922949806535, 0.36708673688736027, 0.36881202529378043, 0.3648145286973345, 0.3610412300265119, 0.3735848380624821, 0.3967110920034394, 0.42619157978647176, 0.45450321546288336, 0.4891965149398108, 0.5239385165878475, 0.5626315518415018, 0.6079475225709372, 0.6542963152049298, 0.7005924871023216, 0.743113401046145, 0.7821803794067068, 0.8225068966752651, 0.8710422488535396, 0.9304521800659215, 1.000005597950702, 0.914453236959014, 0.8297999068501003, 0.6515163728862138], [0.35175562929922616, 0.38993645206362854, 0.3994549275401261, 0.4043508952242763, 0.4067095917526512, 0.40460756126397246, 0.3976260770457151, 0.3874246515835483, 0.3701712077242763, 0.3612911785253654, 0.3602404431785612, 0.3517606674548581, 0.34116262718543994, 0.3492096813198624, 0.36727258885067354, 0.391431664696188, 0.41439221929636, 0.4461661874820866, 0.4773137449842362, 0.5130639375537404, 0.5553167096589281, 0.5981617449484092, 0.6422657593508169, 0.6823700379764975, 0.720794371596446, 0.7576154521352824, 0.7969724043422184, 0.8496076956147893, 0.914453236959014, 0.9999149111493264, 0.911797569145887, 0.7269470792132416], [0.3562580610490112, 0.3822014836808541, 0.39237883795500145, 0.3989813409107194, 0.4021970836916022, 0.400682278231585, 0.3937735673724563, 0.38353407584551447, 0.3637066942533677, 0.3523823198803382, 0.34993825460375466, 0.3374220765262253, 0.31973059302450557, 0.32340032960733733, 0.3364359975100315, 0.35565096329535684, 0.37205211916021785, 0.4001611090212095, 0.42730277300085984, 0.46050869697621094, 0.49939822029951275, 0.5394140513040986, 0.5814009207509315, 0.6200598085053024, 0.6579551357838922, 0.6921922022785899, 0.7220147248495271, 0.7690789355832617, 0.8297999068501003, 0.911797569145887, 0.9998309418887934, 0.8227610436371453], [0.17861822417486906, 0.16274090433708402, 0.1683937813771697, 0.17647378264952265, 0.1833268146728096, 0.1852075450910337, 0.1867916777401129, 0.1835092317753926, 0.18329712284708063, 0.18734436275693195, 0.19245650481959065, 0.19324480944016015, 0.19619202552329643, 0.2066291072164302, 0.22220267604435368, 0.24162658533963888, 0.2580778428632846, 0.2791416718167813, 0.30211552154987104, 0.32737179573301806, 0.35504498513184296, 0.3859521106513328, 0.41291967836414445, 0.4422744921539123, 0.4647121981584981, 0.49636832948194326, 0.5425007613212955, 0.5927485266193752, 0.6515163728862138, 0.7269470792132416, 0.8227610436371453, 0.9997525705789625]], "count": 3489}