{"accumulated_matrix": [[3671.25390625, 3282.7265625, 3213.19140625, 3181.05859375, 3150.43359375, 3097.43359375, 3030.39453125, 2919.56640625, 2828.04296875, 2589.27734375, 2356.953125, 1881.9375, 1496.09375, 1344.2041015625, 1165.310546875, 1037.6689453125, 885.47607421875, 827.15185546875, 773.7939453125, 765.84033203125, 792.57421875, 824.59326171875, 735.8854370117188, 791.3198661804199, 875.6100234985352, 890.2340316772461, 663.293249130249, 588.7654190063477, 564.7242164611816, 577.4139461517334, 631.0062351226807, 1080.554946899414], [3282.7265625, 3671.3203125, 3647.96484375, 3608.703125, 3568.04296875, 3520.375, 3446.2265625, 3336.2421875, 3235.42578125, 2977.7265625, 2722.87890625, 2217.23828125, 1814.1796875, 1652.931640625, 1463.02734375, 1317.3173828125, 1171.251953125, 1100.916015625, 1037.7119140625, 1012.4443359375, 1022.3623046875, 1045.9482421875, 940.6419677734375, 989.0498046875, 1070.6244659423828, 1073.585922241211, 821.0772256851196, 734.850061416626, 699.6104965209961, 696.1398344039917, 714.1283950805664, 1119.1305389404297], [3213.19140625, 3647.96484375, 3663.60546875, 3647.921875, 3624.7578125, 3578.58984375, 3510.70703125, 3402.3203125, 3300.83984375, 3043.3515625, 2784.44921875, 2274.203125, 1856.447265625, 1690.888671875, 1492.423828125, 1342.9736328125, 1190.6357421875, 1117.591796875, 1051.55419921875, 1026.2158203125, 1036.8369140625, 1061.8759765625, 953.0020751953125, 1005.387939453125, 1091.2490844726562, 1096.4916381835938, 832.6541137695312, 744.6046094894409, 710.2442893981934, 710.5293769836426, 736.1517925262451, 1170.527603149414], [3181.05859375, 3608.703125, 3647.921875, 3663.13671875, 3652.19921875, 3619.7578125, 3555.63671875, 3449.76953125, 3348.88671875, 3091.48046875, 2828.66796875, 2311.900390625, 1880.841796875, 1712.30078125, 1506.517578125, 1354.6259765625, 1195.640625, 1120.3173828125, 1052.17041015625, 1028.84765625, 1040.953125, 1068.337890625, 956.09423828125, 1013.2539672851562, 1103.8918151855469, 1112.0634307861328, 836.8921811580658, 746.664924621582, 713.5968580245972, 717.9993391036987, 755.2125453948975, 1224.9412078857422], [3150.43359375, 3568.04296875, 3624.7578125, 3652.19921875, 3669.1796875, 3641.03515625, 3583.82421875, 3481.234375, 3381.94140625, 3126.7578125, 2865.58984375, 2343.33203125, 1903.978515625, 1732.275390625, 1521.4873046875, 1366.8701171875, 1204.4912109375, 1127.2099609375, 1058.02685546875, 1035.16162109375, 1047.3544921875, 1075.93505859375, 961.1941528320312, 1021.0427856445312, 1114.8603515625, 1125.1181030273438, 843.2903828620911, 751.995997428894, 720.330488204956, 727.6401777267456, 773.6215875148773, 1265.5450615882874], [3097.43359375, 3520.375, 3578.58984375, 3619.7578125, 3641.03515625, 3670.91015625, 3619.6484375, 3518.08984375, 3418.4765625, 3159.41015625, 2895.734375, 2363.52734375, 1923.94140625, 1750.509765625, 1537.80859375, 1376.8935546875, 1211.947265625, 1133.0517578125, 1061.9521484375, 1038.41796875, 1049.2529296875, 1076.8251953125, 960.533447265625, 1020.3403930664062, 1113.9832382202148, 1123.4928283691406, 839.4881362915039, 747.6826038360596, 715.7578022480011, 723.1089477539062, 772.567955493927, 1271.739486694336], [3030.39453125, 3446.2265625, 3510.70703125, 3555.63671875, 3583.82421875, 3619.6484375, 3670.1796875, 3573.77734375, 3475.53125, 3206.2890625, 2938.3359375, 2390.583984375, 1946.638671875, 1771.57421875, 1556.09375, 1391.2861328125, 1222.5224609375, 1140.1279296875, 1067.2431640625, 1042.103515625, 1049.6748046875, 1075.1884765625, 957.2444458007812, 1014.9813995361328, 1106.861343383789, 1115.3580322265625, 832.0291018486023, 739.6388374567032, 708.1675481796265, 714.8802261352539, 766.3472378253937, 1269.3434219360352], [2919.56640625, 3336.2421875, 3402.3203125, 3449.76953125, 3481.234375, 3518.08984375, 3573.77734375, 3669.62109375, 3565.80078125, 3280.4375, 3002.1796875, 2445.22265625, 1986.380859375, 1806.984375, 1586.5078125, 1412.380859375, 1242.4208984375, 1156.869140625, 1080.9873046875, 1052.171875, 1053.9931640625, 1074.69140625, 956.808349609375, 1010.0927124023438, 1097.9205932617188, 1104.0468864440918, 824.4236907958984, 732.9705543518066, 700.3036022186279, 704.377405166626, 753.864143371582, 1246.57719039917], [2828.04296875, 3235.42578125, 3300.83984375, 3348.88671875, 3381.94140625, 3418.4765625, 3475.53125, 3565.80078125, 3670.22265625, 3375.87109375, 3090.1640625, 2505.9921875, 2046.498046875, 1861.01171875, 1634.46875, 1454.4990234375, 1275.375, 1186.60546875, 1105.1064453125, 1072.4912109375, 1067.8203125, 1086.0810546875, 967.7327880859375, 1016.4326782226562, 1099.5974731445312, 1101.845458984375, 826.2905921936035, 733.3062133789062, 698.2715141773224, 700.461537361145, 748.0611572265625, 1229.3934688568115], [2589.27734375, 2977.7265625, 3043.3515625, 3091.48046875, 3126.7578125, 3159.41015625, 3206.2890625, 3280.4375, 3375.87109375, 3668.296875, 3325.89453125, 2629.4765625, 2168.4296875, 1964.998046875, 1722.796875, 1529.60546875, 1343.056640625, 1244.8271484375, 1153.5791015625, 1114.404296875, 1095.638671875, 1101.8232421875, 980.075927734375, 1018.885498046875, 1089.527702331543, 1086.6259769797325, 821.7406997680664, 730.1879596710205, 692.0282859802246, 685.6962833404541, 724.3504695892334, 1165.410810470581], [2356.953125, 2722.87890625, 2784.44921875, 2828.66796875, 2865.58984375, 2895.734375, 2938.3359375, 3002.1796875, 3090.1640625, 3325.89453125, 3669.06640625, 2862.5625, 2366.16015625, 2129.005859375, 1875.705078125, 1656.7578125, 1461.74609375, 1351.21875, 1248.525390625, 1198.205078125, 1163.689453125, 1154.7685546875, 1031.427734375, 1055.803466796875, 1110.056884765625, 1097.218505859375, 846.4412260055542, 755.2937545776367, 711.4602336883545, 696.2737984657288, 726.6296539306641, 1116.6867065429688], [1881.9375, 2217.23828125, 2274.203125, 2311.900390625, 2343.33203125, 2363.52734375, 2390.583984375, 2445.22265625, 2505.9921875, 2629.4765625, 2862.5625, 3670.89453125, 2875.18359375, 2555.16015625, 2229.3125, 1961.080078125, 1742.4765625, 1607.763671875, 1479.041015625, 1396.033203125, 1325.4453125, 1286.650390625, 1151.6064453125, 1144.349609375, 1161.7646484375, 1127.3642578125, 900.42236328125, 807.7478332519531, 754.820556640625, 716.6485977172852, 722.2656631469727, 1017.0527954101562], [1496.09375, 1814.1796875, 1856.447265625, 1880.841796875, 1903.978515625, 1923.94140625, 1946.638671875, 1986.380859375, 2046.498046875, 2168.4296875, 2366.16015625, 2875.18359375, 3669.984375, 3269.14453125, 2862.30078125, 2505.18359375, 2244.91015625, 2061.662109375, 1890.76953125, 1763.26953125, 1641.80859375, 1552.658203125, 1402.486328125, 1350.3759765625, 1322.4892578125, 1257.611328125, 1055.1669921875, 951.873046875, 876.619873046875, 808.327880859375, 778.30908203125, 930.39794921875], [1344.2041015625, 1652.931640625, 1690.888671875, 1712.30078125, 1732.275390625, 1750.509765625, 1771.57421875, 1806.984375, 1861.01171875, 1964.998046875, 2129.005859375, 2555.16015625, 3269.14453125, 3670.0078125, 3225.80078125, 2834.1328125, 2548.19140625, 2336.45703125, 2141.21484375, 1992.068359375, 1846.57421875, 1733.990234375, 1573.919921875, 1500.560546875, 1449.060546875, 1369.455078125, 1170.322265625, 1059.0087890625, 971.6240234375, 885.25, 834.396484375, 923.6455078125], [1165.310546875, 1463.02734375, 1492.423828125, 1506.517578125, 1521.4873046875, 1537.80859375, 1556.09375, 1586.5078125, 1634.46875, 1722.796875, 1875.705078125, 2229.3125, 2862.30078125, 3225.80078125, 3669.5, 3236.79296875, 2932.4140625, 2691.9296875, 2461.15234375, 2280.86328125, 2101.533203125, 1956.294921875, 1781.03515625, 1679.546875, 1601.1171875, 1503.5703125, 1309.3154296875, 1186.875, 1084.1787109375, 974.7724609375, 898.36669921875, 907.90966796875], [1037.6689453125, 1317.3173828125, 1342.9736328125, 1354.6259765625, 1366.8701171875, 1376.8935546875, 1391.2861328125, 1412.380859375, 1454.4990234375, 1529.60546875, 1656.7578125, 1961.080078125, 2505.18359375, 2834.1328125, 3236.79296875, 3669.109375, 3336.921875, 3068.40234375, 2808.75390625, 2599.05859375, 2383.2890625, 2209.15625, 2014.544921875, 1885.8203125, 1783.171875, 1665.98828125, 1468.10546875, 1332.4248046875, 1212.1015625, 1079.5166015625, 981.9501953125, 931.25634765625], [885.47607421875, 1171.251953125, 1190.6357421875, 1195.640625, 1204.4912109375, 1211.947265625, 1222.5224609375, 1242.4208984375, 1275.375, 1343.056640625, 1461.74609375, 1742.4765625, 2244.91015625, 2548.19140625, 2932.4140625, 3336.921875, 3669.09765625, 3388.73828125, 3111.94140625, 2879.52734375, 2635.50390625, 2435.2265625, 2227.515625, 2074.7890625, 1945.939453125, 1811.03515625, 1620.5078125, 1472.90625, 1337.443359375, 1183.53515625, 1060.5849609375, 938.4208984375], [827.15185546875, 1100.916015625, 1117.591796875, 1120.3173828125, 1127.2099609375, 1133.0517578125, 1140.1279296875, 1156.869140625, 1186.60546875, 1244.8271484375, 1351.21875, 1607.763671875, 2061.662109375, 2336.45703125, 2691.9296875, 3068.40234375, 3388.73828125, 3668.69921875, 3378.6171875, 3130.3515625, 2865.1796875, 2646.01953125, 2427.46875, 2256.87109375, 2109.330078125, 1959.71875, 1766.380859375, 1610.080078125, 1462.90234375, 1291.7587890625, 1151.365234375, 992.8359375], [773.7939453125, 1037.7119140625, 1051.55419921875, 1052.17041015625, 1058.02685546875, 1061.9521484375, 1067.2431640625, 1080.9873046875, 1105.1064453125, 1153.5791015625, 1248.525390625, 1479.041015625, 1890.76953125, 2141.21484375, 2461.15234375, 2808.75390625, 3111.94140625, 3378.6171875, 3668.44140625, 3403.80078125, 3119.1328125, 2878.3125, 2646.28515625, 2458.02734375, 2292.55859375, 2129.728515625, 1934.388671875, 1767.154296875, 1607.22265625, 1419.673828125, 1258.9990234375, 1058.7802734375], [765.84033203125, 1012.4443359375, 1026.2158203125, 1028.84765625, 1035.16162109375, 1038.41796875, 1042.103515625, 1052.171875, 1072.4912109375, 1114.404296875, 1198.205078125, 1396.033203125, 1763.26953125, 1992.068359375, 2280.86328125, 2599.05859375, 2879.52734375, 3130.3515625, 3403.80078125, 3667.86328125, 3364.12109375, 3105.76171875, 2862.72265625, 2660.2265625, 2480.48046875, 2304.1484375, 2099.69921875, 1920.701171875, 1748.068359375, 1545.73828125, 1372.984375, 1147.3232421875], [792.57421875, 1022.3623046875, 1036.8369140625, 1040.953125, 1047.3544921875, 1049.2529296875, 1049.6748046875, 1053.9931640625, 1067.8203125, 1095.638671875, 1163.689453125, 1325.4453125, 1641.80859375, 1846.57421875, 2101.533203125, 2383.2890625, 2635.50390625, 2865.1796875, 3119.1328125, 3364.12109375, 3668.85546875, 3394.109375, 3137.828125, 2916.8515625, 2721.09765625, 2527.3046875, 2309.69921875, 2114.61328125, 1924.826171875, 1704.8359375, 1515.32421875, 1271.783203125], [824.59326171875, 1045.9482421875, 1061.8759765625, 1068.337890625, 1075.93505859375, 1076.8251953125, 1075.1884765625, 1074.69140625, 1086.0810546875, 1101.8232421875, 1154.7685546875, 1286.650390625, 1552.658203125, 1733.990234375, 1956.294921875, 2209.15625, 2435.2265625, 2646.01953125, 2878.3125, 3105.76171875, 3394.109375, 3670.73828125, 3397.78515625, 3161.921875, 2952.4453125, 2742.93359375, 2509.8828125, 2299.556640625, 2092.849609375, 1855.697265625, 1651.04296875, 1391.169921875], [735.8854370117188, 940.6419677734375, 953.0020751953125, 956.09423828125, 961.1941528320312, 960.533447265625, 957.2444458007812, 956.808349609375, 967.7327880859375, 980.075927734375, 1031.427734375, 1151.6064453125, 1402.486328125, 1573.919921875, 1781.03515625, 2014.544921875, 2227.515625, 2427.46875, 2646.28515625, 2862.72265625, 3137.828125, 3397.78515625, 3670.93359375, 3415.08203125, 3184.41796875, 2958.1875, 2725.65625, 2504.96875, 2278.578125, 2020.3828125, 1791.326171875, 1462.6162109375], [791.3198661804199, 989.0498046875, 1005.387939453125, 1013.2539672851562, 1021.0427856445312, 1020.3403930664062, 1014.9813995361328, 1010.0927124023438, 1016.4326782226562, 1018.885498046875, 1055.803466796875, 1144.349609375, 1350.3759765625, 1500.560546875, 1679.546875, 1885.8203125, 2074.7890625, 2256.87109375, 2458.02734375, 2660.2265625, 2916.8515625, 3161.921875, 3415.08203125, 3670.234375, 3428.8984375, 3189.55859375, 2937.87890625, 2703.171875, 2462.046875, 2186.30859375, 1948.84765625, 1609.82421875], [875.6100234985352, 1070.6244659423828, 1091.2490844726562, 1103.8918151855469, 1114.8603515625, 1113.9832382202148, 1106.861343383789, 1097.9205932617188, 1099.5974731445312, 1089.527702331543, 1110.056884765625, 1161.7646484375, 1322.4892578125, 1449.060546875, 1601.1171875, 1783.171875, 1945.939453125, 2109.330078125, 2292.55859375, 2480.48046875, 2721.09765625, 2952.4453125, 3184.41796875, 3428.8984375, 3669.64453125, 3420.26171875, 3148.625, 2898.2734375, 2641.6171875, 2351.15625, 2103.564453125, 1760.58984375], [890.2340316772461, 1073.585922241211, 1096.4916381835938, 1112.0634307861328, 1125.1181030273438, 1123.4928283691406, 1115.3580322265625, 1104.0468864440918, 1101.845458984375, 1086.6259769797325, 1097.218505859375, 1127.3642578125, 1257.611328125, 1369.455078125, 1503.5703125, 1665.98828125, 1811.03515625, 1959.71875, 2129.728515625, 2304.1484375, 2527.3046875, 2742.93359375, 2958.1875, 3189.55859375, 3420.26171875, 3669.27734375, 3385.2578125, 3121.2265625, 2850.390625, 2541.85546875, 2280.51953125, 1910.91015625], [663.293249130249, 821.0772256851196, 832.6541137695312, 836.8921811580658, 843.2903828620911, 839.4881362915039, 832.0291018486023, 824.4236907958984, 826.2905921936035, 821.7406997680664, 846.4412260055542, 900.42236328125, 1055.1669921875, 1170.322265625, 1309.3154296875, 1468.10546875, 1620.5078125, 1766.380859375, 1934.388671875, 2099.69921875, 2309.69921875, 2509.8828125, 2725.65625, 2937.87890625, 3148.625, 3385.2578125, 3669.15234375, 3395.0859375, 3100.875, 2760.3125, 2463.79296875, 1985.07421875], [588.7654190063477, 734.850061416626, 744.6046094894409, 746.664924621582, 751.995997428894, 747.6826038360596, 739.6388374567032, 732.9705543518066, 733.3062133789062, 730.1879596710205, 755.2937545776367, 807.7478332519531, 951.873046875, 1059.0087890625, 1186.875, 1332.4248046875, 1472.90625, 1610.080078125, 1767.154296875, 1920.701171875, 2114.61328125, 2299.556640625, 2504.96875, 2703.171875, 2898.2734375, 3121.2265625, 3395.0859375, 3668.50390625, 3357.2734375, 2991.55859375, 2675.20703125, 2138.6982421875], [564.7242164611816, 699.6104965209961, 710.2442893981934, 713.5968580245972, 720.330488204956, 715.7578022480011, 708.1675481796265, 700.3036022186279, 698.2715141773224, 692.0282859802246, 711.4602336883545, 754.820556640625, 876.619873046875, 971.6240234375, 1084.1787109375, 1212.1015625, 1337.443359375, 1462.90234375, 1607.22265625, 1748.068359375, 1924.826171875, 2092.849609375, 2278.578125, 2462.046875, 2641.6171875, 2850.390625, 3100.875, 3357.2734375, 3667.96484375, 3282.33203125, 2952.53125, 2365.92578125], [577.4139461517334, 696.1398344039917, 710.5293769836426, 717.9993391036987, 727.6401777267456, 723.1089477539062, 714.8802261352539, 704.377405166626, 700.461537361145, 685.6962833404541, 696.2737984657288, 716.6485977172852, 808.327880859375, 885.25, 974.7724609375, 1079.5166015625, 1183.53515625, 1291.7587890625, 1419.673828125, 1545.73828125, 1704.8359375, 1855.697265625, 2020.3828125, 2186.30859375, 2351.15625, 2541.85546875, 2760.3125, 2991.55859375, 3282.33203125, 3669.20703125, 3325.2265625, 2687.810546875], [631.0062351226807, 714.1283950805664, 736.1517925262451, 755.2125453948975, 773.6215875148773, 772.567955493927, 766.3472378253937, 753.864143371582, 748.0611572265625, 724.3504695892334, 726.6296539306641, 722.2656631469727, 778.30908203125, 834.396484375, 898.36669921875, 981.9501953125, 1060.5849609375, 1151.365234375, 1258.9990234375, 1372.984375, 1515.32421875, 1651.04296875, 1791.326171875, 1948.84765625, 2103.564453125, 2280.51953125, 2463.79296875, 2675.20703125, 2952.53125, 3325.2265625, 3670.40234375, 3053.814453125], [1080.554946899414, 1119.1305389404297, 1170.527603149414, 1224.9412078857422, 1265.5450615882874, 1271.739486694336, 1269.3434219360352, 1246.57719039917, 1229.3934688568115, 1165.410810470581, 1116.6867065429688, 1017.0527954101562, 930.39794921875, 923.6455078125, 907.90966796875, 931.25634765625, 938.4208984375, 992.8359375, 1058.7802734375, 1147.3232421875, 1271.783203125, 1391.169921875, 1462.6162109375, 1609.82421875, 1760.58984375, 1910.91015625, 1985.07421875, 2138.6982421875, 2365.92578125, 2687.810546875, 3053.814453125, 3669.26953125]], "average_matrix": [[1.0003416638283378, 0.8944759025885558, 0.8755289935286104, 0.8667734587874659, 0.8584287721389646, 0.8439873552452316, 0.8257205807220709, 0.7955221815395095, 0.7705839151907357, 0.7055251617847411, 0.6422215599455041, 0.5127895095367847, 0.4076549727520436, 0.3662681475647139, 0.3175233097752044, 0.2827435818290191, 0.24127413466450953, 0.22538197696696186, 0.210843036869891, 0.20867583979053134, 0.21596027758855585, 0.22468481245742508, 0.20051374305496425, 0.21561849214725337, 0.2385858374655409, 0.24257058083848668, 0.1807338553488417, 0.1604265446883781, 0.1538758083000495, 0.15733350031382382, 0.17193630384814187, 0.294429140844527], [0.8944759025885558, 1.0003597581743868, 0.9939958702316076, 0.9832978542234332, 0.9722187925749319, 0.9592302452316076, 0.9390263113079019, 0.9090578167574932, 0.8815874063351499, 0.8113696355585831, 0.7419288572888283, 0.6041521202316076, 0.49432689032697547, 0.4503900928133515, 0.3986450527929155, 0.35894206616144414, 0.3191422215599455, 0.2999771159741144, 0.2827552899352861, 0.275870391263624, 0.2785728350647139, 0.28499952103201637, 0.256305713289765, 0.26949585958787464, 0.2917232877227201, 0.2925302240439267, 0.22372676449185822, 0.20023162436420328, 0.19062956308474008, 0.18968387858419392, 0.19458539375492273, 0.3049402013461661], [0.8755289935286104, 0.9939958702316076, 0.9982576209128066, 0.9939841621253406, 0.9876724284741144, 0.9750926004768392, 0.9565959213215259, 0.9270627554495913, 0.8994114015667575, 0.8292511069482289, 0.7587055091961853, 0.6196738760217984, 0.5058439415871935, 0.46073260814032696, 0.40665499403950955, 0.36593286997615804, 0.32442390795299725, 0.30452092557901905, 0.28652702975987737, 0.2796228393222071, 0.2825168703167575, 0.28933950315054496, 0.25967358997147477, 0.27394766742591964, 0.2973430747881897, 0.29877156353776396, 0.22688122990995402, 0.20288953937041987, 0.1935270543319328, 0.19360473487292712, 0.20058631948944008, 0.31894485099439074], [0.8667734587874659, 0.9832978542234332, 0.9939841621253406, 0.9981298961171662, 0.9951496508855586, 0.986310030653951, 0.9688383429836512, 0.9399916978882834, 0.912503193119891, 0.8423652503405995, 0.7707542149182561, 0.6299456105245231, 0.5124909528269754, 0.4665669703678474, 0.41049525289509536, 0.36910789552111717, 0.325787636239782, 0.3052635920470027, 0.2866949346474796, 0.28033996083106266, 0.2836384536784741, 0.2911002426771117, 0.26051614122104905, 0.27609099926026054, 0.30078796054102097, 0.3030145587973114, 0.2280360166643231, 0.20345093313939566, 0.194440560769645, 0.1956401468947408, 0.20577998512122547, 0.33377144629039296], [0.8584287721389646, 0.9722187925749319, 0.9876724284741144, 0.9951496508855586, 0.9997764816076294, 0.9921076720027248, 0.9765188606948229, 0.9485652247956403, 0.921509919959128, 0.851977605585831, 0.7808146713215259, 0.6385100902588556, 0.5187952358651227, 0.47200964322207084, 0.41457419746253404, 0.3724441736205722, 0.3281992400374659, 0.30714167872956405, 0.2882906963130109, 0.28206038721900545, 0.28538269541893735, 0.2931703156931199, 0.26190576371444996, 0.27821329309115295, 0.3037766625510899, 0.3065716901981863, 0.22977939587522916, 0.2049035415337586, 0.19627533738554662, 0.1982670783996582, 0.21079607289233715, 0.3448351666453099], [0.8439873552452316, 0.9592302452316076, 0.9750926004768392, 0.986310030653951, 0.9921076720027248, 1.0002479989782016, 0.9862802282016349, 0.9586075868528611, 0.9314650034059946, 0.8608747019754769, 0.7890284400544959, 0.6440129002043596, 0.524234715599455, 0.47697813777247955, 0.4190214151907357, 0.3751753555006812, 0.3302308625681199, 0.3087334489952316, 0.28936025842983654, 0.28294767540871935, 0.28589998084128065, 0.2934128597581744, 0.2617257349497616, 0.2780219054676856, 0.3035376670899768, 0.3061288360678857, 0.22874336138733076, 0.20372822992808162, 0.1950293739095371, 0.19703241083212705, 0.2105089796986177, 0.3465230208976392], [0.8257205807220709, 0.9390263113079019, 0.9565959213215259, 0.9688383429836512, 0.9765188606948229, 0.9862802282016349, 1.000048961171662, 0.9737812925749318, 0.9470112397820164, 0.8736482459128065, 0.8006364952316076, 0.651385281846049, 0.5304192566416893, 0.48271777077656675, 0.42400374659400547, 0.3790970389134877, 0.3331123871764305, 0.31066156122275207, 0.2908019520606267, 0.28395191161444144, 0.28601493315735693, 0.29296688734673026, 0.26082954926451807, 0.27656168924690266, 0.30159709628986076, 0.3039122703614612, 0.22671092693422407, 0.20153646797185373, 0.19296118479008895, 0.1947902523529302, 0.20881396126032525, 0.3458701422169033], [0.7955221815395095, 0.9090578167574932, 0.9270627554495913, 0.9399916978882834, 0.9485652247956403, 0.9586075868528611, 0.9737812925749318, 0.9998967557901908, 0.9716078423024523, 0.8938521798365122, 0.8180326123978202, 0.6662732033378747, 0.5412481905653951, 0.49236631471389647, 0.4322909570844687, 0.3848449208106267, 0.3385343047513624, 0.3152231990803815, 0.2945469495061308, 0.2866953337874659, 0.28719159783719345, 0.2928314458446866, 0.26071072196440737, 0.27522962190799555, 0.2991609245944738, 0.3008302142899433, 0.22463860784629386, 0.1997194970985849, 0.1908184202230594, 0.191928448274285, 0.20541257312577166, 0.3396668093730708], [0.7705839151907357, 0.8815874063351499, 0.8994114015667575, 0.912503193119891, 0.921509919959128, 0.9314650034059946, 0.9470112397820164, 0.9716078423024523, 1.0000606692779292, 0.9198558838555858, 0.8420065565395095, 0.682831658719346, 0.557628895606267, 0.5070876617847412, 0.44535933242506814, 0.3963212597922343, 0.3475136239782016, 0.3233257408038147, 0.3011189224284741, 0.29223193758514987, 0.29095921321525886, 0.29593489228542236, 0.2636874081978031, 0.2769571330306965, 0.2996178400938777, 0.30023037029547, 0.22514730032523256, 0.19981095732395265, 0.1902647177594884, 0.19086145432183788, 0.20383137799088896, 0.3349845964187497], [0.7055251617847411, 0.8113696355585831, 0.8292511069482289, 0.8423652503405995, 0.851977605585831, 0.8608747019754769, 0.8736482459128065, 0.8938521798365122, 0.9198558838555858, 0.9995359332425068, 0.906238291893733, 0.7164786273841962, 0.5908527758855586, 0.5354218111376022, 0.46942694141689373, 0.41678623126702996, 0.36595548790871935, 0.33918995870231605, 0.31432673067098094, 0.30365239696866486, 0.2985391476498638, 0.30022431667234334, 0.2670506615080041, 0.2776254763070504, 0.2968740333328455, 0.29608337247404154, 0.22390754762072654, 0.19896129691308462, 0.18856356566218654, 0.186838224343448, 0.19737070016055405, 0.31755062955601665], [0.6422215599455041, 0.7419288572888283, 0.7587055091961853, 0.7707542149182561, 0.7808146713215259, 0.7890284400544959, 0.8006364952316076, 0.8180326123978202, 0.8420065565395095, 0.906238291893733, 0.9997456147820164, 0.7799897820163487, 0.6447302878065395, 0.5801105883855586, 0.5110913019414169, 0.45143264645776565, 0.3982959383514986, 0.3681794959128065, 0.3401976541212534, 0.3264863973092643, 0.3170815948569482, 0.31465083233991825, 0.28104297939373296, 0.28768486833702317, 0.3024678160124319, 0.2989696201251703, 0.23063793624129542, 0.20580211296393372, 0.19385837430200395, 0.18972038105333208, 0.19799173131625725, 0.304274306959937], [0.5127895095367847, 0.6041521202316076, 0.6196738760217984, 0.6299456105245231, 0.6385100902588556, 0.6440129002043596, 0.651385281846049, 0.6662732033378747, 0.682831658719346, 0.7164786273841962, 0.7799897820163487, 1.0002437414850136, 0.7834287721389646, 0.6962289254087194, 0.607442098092643, 0.5343542447207085, 0.47478925408719347, 0.43808274438010897, 0.4030084511239782, 0.3803905185626703, 0.3611567608991826, 0.3505859375, 0.31378922215599453, 0.31181188266348775, 0.31655712491485016, 0.30718372147479567, 0.24534669299216622, 0.22009477745284825, 0.20567317619635558, 0.1952720974706499, 0.1968026330100743, 0.27712610229159573], [0.4076549727520436, 0.49432689032697547, 0.5058439415871935, 0.5124909528269754, 0.5187952358651227, 0.524234715599455, 0.5304192566416893, 0.5412481905653951, 0.557628895606267, 0.5908527758855586, 0.6447302878065395, 0.7834287721389646, 0.999995742506812, 0.8907750766348774, 0.7799184690054496, 0.6826113334468665, 0.6116921406675749, 0.5617607927452316, 0.5151960575613079, 0.48045491314713895, 0.44735928985013623, 0.42306763027929156, 0.3821488632493188, 0.36794985737397823, 0.36035129640667574, 0.34267338641008177, 0.28751144201294276, 0.2593659528269755, 0.23886100083021117, 0.2202528285720368, 0.21207331935456403, 0.2535144275800409], [0.3662681475647139, 0.4503900928133515, 0.46073260814032696, 0.4665669703678474, 0.47200964322207084, 0.47697813777247955, 0.48271777077656675, 0.49236631471389647, 0.5070876617847412, 0.5354218111376022, 0.5801105883855586, 0.6962289254087194, 0.8907750766348774, 1.000002128746594, 0.8789647905313351, 0.7722432731607629, 0.6943300834468665, 0.6366367932561308, 0.5834372871253406, 0.5427979180858311, 0.5031537380790191, 0.47247690309945506, 0.42886101413487737, 0.4088720836171662, 0.39483938606948227, 0.37314852264986376, 0.3188889007152589, 0.28855825315054495, 0.2647476903099455, 0.2412125340599455, 0.22735599029291553, 0.2516745252895095], [0.3175233097752044, 0.3986450527929155, 0.40665499403950955, 0.41049525289509536, 0.41457419746253404, 0.4190214151907357, 0.42400374659400547, 0.4322909570844687, 0.44535933242506814, 0.46942694141689373, 0.5110913019414169, 0.607442098092643, 0.7799184690054496, 0.8789647905313351, 0.9998637602179836, 0.8819599369891008, 0.7990229053133515, 0.7334958276566758, 0.6706137176430518, 0.621488632493188, 0.5726248509877384, 0.5330503874318802, 0.48529568290190733, 0.45764220027247954, 0.43627171321525887, 0.40969218324250684, 0.35676169746253406, 0.3233991825613079, 0.295416542489782, 0.2656055751873297, 0.24478656654461853, 0.2473868305091962], [0.2827435818290191, 0.35894206616144414, 0.36593286997615804, 0.36910789552111717, 0.3724441736205722, 0.3751753555006812, 0.3790970389134877, 0.3848449208106267, 0.3963212597922343, 0.41678623126702996, 0.45143264645776565, 0.5343542447207085, 0.6826113334468665, 0.7722432731607629, 0.8819599369891008, 0.9997573228882833, 0.9092430177111717, 0.8360769329019073, 0.7653280398501362, 0.7081903525204359, 0.6493975647138964, 0.601949931880109, 0.5489223220367847, 0.5138474965940054, 0.48587789509536783, 0.4539477605585831, 0.40002873807901906, 0.3630585298876022, 0.3302729053133515, 0.29414621295980925, 0.2675613611205722, 0.25374832361205724], [0.24127413466450953, 0.3191422215599455, 0.32442390795299725, 0.325787636239782, 0.3281992400374659, 0.3302308625681199, 0.3331123871764305, 0.3385343047513624, 0.3475136239782016, 0.36595548790871935, 0.3982959383514986, 0.47478925408719347, 0.6116921406675749, 0.6943300834468665, 0.7990229053133515, 0.9092430177111717, 0.9997541297683924, 0.9233619294959128, 0.8479404376702997, 0.7846123552452317, 0.7181209553814714, 0.6635494720708447, 0.6069524863760218, 0.5653376192098093, 0.5302287338215259, 0.49347006982288827, 0.4415552622615804, 0.40133685286103543, 0.3644259834809264, 0.32248914339237056, 0.28898772777588555, 0.25570051728542237], [0.22538197696696186, 0.2999771159741144, 0.30452092557901905, 0.3052635920470027, 0.30714167872956405, 0.3087334489952316, 0.31066156122275207, 0.3152231990803815, 0.3233257408038147, 0.33918995870231605, 0.3681794959128065, 0.43808274438010897, 0.5617607927452316, 0.6366367932561308, 0.7334958276566758, 0.8360769329019073, 0.9233619294959128, 0.9996455636920981, 0.9206041382833787, 0.8529568290190735, 0.7807029121253406, 0.7209862482970028, 0.6614356267029973, 0.6149512517029972, 0.5747493400885558, 0.533983310626703, 0.4813026864782016, 0.4387139177452316, 0.39861099284741147, 0.35197787167915534, 0.31372349710490466, 0.2705275034059946], [0.210843036869891, 0.2827552899352861, 0.28652702975987737, 0.2866949346474796, 0.2882906963130109, 0.28936025842983654, 0.2908019520606267, 0.2945469495061308, 0.3011189224284741, 0.31432673067098094, 0.3401976541212534, 0.4030084511239782, 0.5151960575613079, 0.5834372871253406, 0.6706137176430518, 0.7653280398501362, 0.8479404376702997, 0.9206041382833787, 0.9995753150544959, 0.9274661529291554, 0.8498999489100817, 0.7842813351498638, 0.7210586256811989, 0.6697622190054496, 0.6246753661444142, 0.5803074974455041, 0.5270813819822888, 0.4815134323910082, 0.4379353286784741, 0.3868321057561308, 0.34305150502384196, 0.2884959873126703], [0.20867583979053134, 0.275870391263624, 0.2796228393222071, 0.28033996083106266, 0.28206038721900545, 0.28294767540871935, 0.28395191161444144, 0.2866953337874659, 0.29223193758514987, 0.30365239696866486, 0.3264863973092643, 0.3803905185626703, 0.48045491314713895, 0.5427979180858311, 0.621488632493188, 0.7081903525204359, 0.7846123552452317, 0.8529568290190735, 0.9274661529291554, 0.9994177878065396, 0.9166542489782016, 0.8462565991144414, 0.7800334213215259, 0.7248573739782016, 0.6758802367166212, 0.6278333617166213, 0.5721251277247956, 0.5233518179495913, 0.47631290446185287, 0.4211820929836512, 0.3741101839237057, 0.31262213683583107], [0.21596027758855585, 0.2785728350647139, 0.2825168703167575, 0.2836384536784741, 0.28538269541893735, 0.28589998084128065, 0.28601493315735693, 0.28719159783719345, 0.29095921321525886, 0.2985391476498638, 0.3170815948569482, 0.3611567608991826, 0.44735928985013623, 0.5031537380790191, 0.5726248509877384, 0.6493975647138964, 0.7181209553814714, 0.7807029121253406, 0.8498999489100817, 0.9166542489782016, 0.9996881386239782, 0.9248254427792916, 0.8549940395095368, 0.7947824420980927, 0.7414435030653951, 0.6886388794277929, 0.6293458361716622, 0.576188904972752, 0.5244757961512262, 0.4645329529972752, 0.412894882493188, 0.3465349327316076], [0.22468481245742508, 0.28499952103201637, 0.28933950315054496, 0.2911002426771117, 0.2931703156931199, 0.2934128597581744, 0.29296688734673026, 0.2928314458446866, 0.29593489228542236, 0.30022431667234334, 0.31465083233991825, 0.3505859375, 0.42306763027929156, 0.47247690309945506, 0.5330503874318802, 0.601949931880109, 0.6635494720708447, 0.7209862482970028, 0.7842813351498638, 0.8462565991144414, 0.9248254427792916, 1.0002011665531336, 0.9258270180517711, 0.8615590940054496, 0.8044810115803814, 0.7473933497956403, 0.6838917745231607, 0.6265821909059945, 0.5702587491485014, 0.5056395819141689, 0.4498754683242507, 0.3790653738079019], [0.20051374305496425, 0.256305713289765, 0.25967358997147477, 0.26051614122104905, 0.26190576371444996, 0.2617257349497616, 0.26082954926451807, 0.26071072196440737, 0.2636874081978031, 0.2670506615080041, 0.28104297939373296, 0.31378922215599453, 0.3821488632493188, 0.42886101413487737, 0.48529568290190733, 0.5489223220367847, 0.6069524863760218, 0.6614356267029973, 0.7210586256811989, 0.7800334213215259, 0.8549940395095368, 0.9258270180517711, 1.0002543852179837, 0.9305400630108992, 0.8676888198228883, 0.8060456403269755, 0.7426856267029973, 0.6825527929155313, 0.6208659741144414, 0.5505130279291554, 0.48809977435286106, 0.39853302750340597], [0.21561849214725337, 0.26949585958787464, 0.27394766742591964, 0.27609099926026054, 0.27821329309115295, 0.2780219054676856, 0.27656168924690266, 0.27522962190799555, 0.2769571330306965, 0.2776254763070504, 0.28768486833702317, 0.31181188266348775, 0.36794985737397823, 0.4088720836171662, 0.45764220027247954, 0.5138474965940054, 0.5653376192098093, 0.6149512517029972, 0.6697622190054496, 0.7248573739782016, 0.7947824420980927, 0.8615590940054496, 0.9305400630108992, 1.0000638623978202, 0.9343047513623978, 0.8690895350817439, 0.8005119635558583, 0.7365590940054496, 0.6708574591280654, 0.5957244124659401, 0.5310211597411444, 0.43864420129427795], [0.2385858374655409, 0.2917232877227201, 0.2973430747881897, 0.30078796054102097, 0.3037766625510899, 0.3035376670899768, 0.30159709628986076, 0.2991609245944738, 0.2996178400938777, 0.2968740333328455, 0.3024678160124319, 0.31655712491485016, 0.36035129640667574, 0.39483938606948227, 0.43627171321525887, 0.48587789509536783, 0.5302287338215259, 0.5747493400885558, 0.6246753661444142, 0.6758802367166212, 0.7414435030653951, 0.8044810115803814, 0.8676888198228883, 0.9343047513623978, 0.9999031420299728, 0.9319514220027248, 0.8579359673024524, 0.7897202826975477, 0.7197866995912806, 0.640642029972752, 0.5731783251021798, 0.4797247530653951], [0.24257058083848668, 0.2925302240439267, 0.29877156353776396, 0.3030145587973114, 0.3065716901981863, 0.3061288360678857, 0.3039122703614612, 0.3008302142899433, 0.30023037029547, 0.29608337247404154, 0.2989696201251703, 0.30718372147479567, 0.34267338641008177, 0.37314852264986376, 0.40969218324250684, 0.4539477605585831, 0.49347006982288827, 0.533983310626703, 0.5803074974455041, 0.6278333617166213, 0.6886388794277929, 0.7473933497956403, 0.8060456403269755, 0.8690895350817439, 0.9319514220027248, 0.9998030909400545, 0.9224135728882834, 0.8504704529972752, 0.7766731948228883, 0.692603669959128, 0.6213949676430518, 0.5206839662806539], [0.1807338553488417, 0.22372676449185822, 0.22688122990995402, 0.2280360166643231, 0.22977939587522916, 0.22874336138733076, 0.22671092693422407, 0.22463860784629386, 0.22514730032523256, 0.22390754762072654, 0.23063793624129542, 0.24534669299216622, 0.28751144201294276, 0.3188889007152589, 0.35676169746253406, 0.40002873807901906, 0.4415552622615804, 0.4813026864782016, 0.5270813819822888, 0.5721251277247956, 0.6293458361716622, 0.6838917745231607, 0.7426856267029973, 0.8005119635558583, 0.8579359673024524, 0.9224135728882834, 0.9997690309945504, 0.9250915361035422, 0.844925068119891, 0.7521287465940054, 0.6713332339918257, 0.5408921576975477], [0.1604265446883781, 0.20023162436420328, 0.20288953937041987, 0.20345093313939566, 0.2049035415337586, 0.20372822992808162, 0.20153646797185373, 0.1997194970985849, 0.19981095732395265, 0.19896129691308462, 0.20580211296393372, 0.22009477745284825, 0.2593659528269755, 0.28855825315054495, 0.3233991825613079, 0.3630585298876022, 0.40133685286103543, 0.4387139177452316, 0.4815134323910082, 0.5233518179495913, 0.576188904972752, 0.6265821909059945, 0.6825527929155313, 0.7365590940054496, 0.7897202826975477, 0.8504704529972752, 0.9250915361035422, 0.9995923450272479, 0.9147884025885559, 0.8151385814032698, 0.7289392455722071, 0.5827515646287466], [0.1538758083000495, 0.19062956308474008, 0.1935270543319328, 0.194440560769645, 0.19627533738554662, 0.1950293739095371, 0.19296118479008895, 0.1908184202230594, 0.1902647177594884, 0.18856356566218654, 0.19385837430200395, 0.20567317619635558, 0.23886100083021117, 0.2647476903099455, 0.295416542489782, 0.3302729053133515, 0.3644259834809264, 0.39861099284741147, 0.4379353286784741, 0.47631290446185287, 0.5244757961512262, 0.5702587491485014, 0.6208659741144414, 0.6708574591280654, 0.7197866995912806, 0.7766731948228883, 0.844925068119891, 0.9147884025885559, 0.9994454615122615, 0.8943684008855586, 0.8045044277929155, 0.6446664254087193], [0.15733350031382382, 0.18968387858419392, 0.19360473487292712, 0.1956401468947408, 0.1982670783996582, 0.19703241083212705, 0.1947902523529302, 0.191928448274285, 0.19086145432183788, 0.186838224343448, 0.18972038105333208, 0.1952720974706499, 0.2202528285720368, 0.2412125340599455, 0.2656055751873297, 0.29414621295980925, 0.32248914339237056, 0.35197787167915534, 0.3868321057561308, 0.4211820929836512, 0.4645329529972752, 0.5056395819141689, 0.5505130279291554, 0.5957244124659401, 0.640642029972752, 0.692603669959128, 0.7521287465940054, 0.8151385814032698, 0.8943684008855586, 0.9997839322207085, 0.9060562840599455, 0.7323734460149863], [0.17193630384814187, 0.19458539375492273, 0.20058631948944008, 0.20577998512122547, 0.21079607289233715, 0.2105089796986177, 0.20881396126032525, 0.20541257312577166, 0.20383137799088896, 0.19737070016055405, 0.19799173131625725, 0.1968026330100743, 0.21207331935456403, 0.22735599029291553, 0.24478656654461853, 0.2675613611205722, 0.28898772777588555, 0.31372349710490466, 0.34305150502384196, 0.3741101839237057, 0.412894882493188, 0.4498754683242507, 0.48809977435286106, 0.5310211597411444, 0.5731783251021798, 0.6213949676430518, 0.6713332339918257, 0.7289392455722071, 0.8045044277929155, 0.9060562840599455, 1.0001096304495913, 0.8321020308242507], [0.294429140844527, 0.3049402013461661, 0.31894485099439074, 0.33377144629039296, 0.3448351666453099, 0.3465230208976392, 0.3458701422169033, 0.3396668093730708, 0.3349845964187497, 0.31755062955601665, 0.304274306959937, 0.27712610229159573, 0.2535144275800409, 0.2516745252895095, 0.2473868305091962, 0.25374832361205724, 0.25570051728542237, 0.2705275034059946, 0.2884959873126703, 0.31262213683583107, 0.3465349327316076, 0.3790653738079019, 0.39853302750340597, 0.43864420129427795, 0.4797247530653951, 0.5206839662806539, 0.5408921576975477, 0.5827515646287466, 0.6446664254087193, 0.7323734460149863, 0.8321020308242507, 0.9998009621934605]], "count": 3670}