{"accumulated_matrix": [[47.984375, 46.25390625, 44.90625, 43.5390625, 41.453125, 39.640625, 37.69921875, 35.91015625, 33.83203125, 31.46875, 28.71875, 26.546875, 25.59765625, 24.66796875, 23.8125, 22.857421875, 22.275390625, 21.90625, 21.447265625, 20.806640625, 20.298828125, 19.849609375, 18.466796875, 18.185546875, 17.88671875, 17.720703125, 15.576171875, 15.4921875, 16.01171875, 16.294921875, 15.5546875, 11.5966796875], [46.25390625, 47.96484375, 47.54296875, 46.76953125, 45.359375, 43.984375, 42.37890625, 40.609375, 38.50390625, 36.2109375, 33.16796875, 30.6953125, 29.890625, 29.06640625, 28.171875, 27.23828125, 26.61328125, 26.25, 25.83203125, 25.16796875, 24.63671875, 24.267578125, 22.193359375, 21.998046875, 21.87890625, 21.818359375, 18.5546875, 18.671875, 19.68359375, 20.5625, 20.09765625, 13.775390625], [44.90625, 47.54296875, 47.9609375, 47.5078125, 46.4609375, 45.3125, 43.91015625, 42.16796875, 40.0625, 37.8125, 34.67578125, 32.05078125, 31.27734375, 30.515625, 29.578125, 28.671875, 27.94921875, 27.5546875, 27.1640625, 26.48046875, 25.94921875, 25.62109375, 23.271484375, 23.1328125, 23.080078125, 23.076171875, 19.376953125, 19.548828125, 20.74609375, 21.86328125, 21.623046875, 14.599609375], [43.5390625, 46.76953125, 47.5078125, 48.0234375, 47.29296875, 46.359375, 45.11328125, 43.4375, 41.32421875, 39.08203125, 35.74609375, 32.96484375, 32.1796875, 31.484375, 30.48046875, 29.5625, 28.6875, 28.3046875, 27.8984375, 27.22265625, 26.6953125, 26.3828125, 23.80859375, 23.728515625, 23.732421875, 23.7890625, 19.69140625, 19.93359375, 21.31640625, 22.712890625, 22.73046875, 15.10546875], [41.453125, 45.359375, 46.4609375, 47.29296875, 47.98046875, 47.3828125, 46.33984375, 44.734375, 42.671875, 40.4609375, 37.10546875, 34.26171875, 33.48828125, 32.7890625, 31.77734375, 30.83984375, 29.91796875, 29.53515625, 29.125, 28.44140625, 27.875, 27.61328125, 24.8046875, 24.767578125, 24.8046875, 24.90234375, 20.470703125, 20.7421875, 22.228515625, 23.802734375, 23.9375, 15.7890625], [39.640625, 43.984375, 45.3125, 46.359375, 47.3828125, 48.0078125, 47.23828125, 45.78125, 43.765625, 41.6015625, 38.2578125, 35.3828125, 34.58203125, 33.8828125, 32.79296875, 31.8828125, 30.8671875, 30.45703125, 30.01953125, 29.28515625, 28.7109375, 28.45703125, 25.5078125, 25.50390625, 25.546875, 25.60546875, 20.98828125, 21.25390625, 22.78515625, 24.400390625, 24.626953125, 16.310546875], [37.69921875, 42.37890625, 43.91015625, 45.11328125, 46.33984375, 47.23828125, 48.0234375, 46.78125, 44.94140625, 42.89453125, 39.5, 36.51171875, 35.7109375, 34.98046875, 33.875, 32.8984375, 31.8203125, 31.3828125, 30.921875, 30.1953125, 29.59375, 29.3203125, 26.30078125, 26.296875, 26.3515625, 26.390625, 21.6328125, 21.91796875, 23.5078125, 25.14453125, 25.39453125, 16.818359375], [35.91015625, 40.609375, 42.16796875, 43.4375, 44.734375, 45.78125, 46.78125, 47.99609375, 46.42578125, 44.46484375, 41.17578125, 38.21484375, 37.30078125, 36.5, 35.33203125, 34.23828125, 33.0859375, 32.62109375, 32.0703125, 31.30859375, 30.6640625, 30.33984375, 27.43359375, 27.3359375, 27.25390625, 27.2109375, 22.642578125, 22.81640625, 24.16796875, 25.453125, 25.42578125, 17.259765625], [33.83203125, 38.50390625, 40.0625, 41.32421875, 42.671875, 43.765625, 44.94140625, 46.42578125, 48.03125, 46.30078125, 43.15234375, 40.2578125, 39.1328125, 38.23046875, 36.9765625, 35.7890625, 34.53515625, 33.98828125, 33.38671875, 32.59765625, 31.875, 31.4375, 28.72265625, 28.5546875, 28.328125, 28.140625, 23.822265625, 23.87109375, 24.94921875, 25.80859375, 25.4375, 17.76953125], [31.46875, 36.2109375, 37.8125, 39.08203125, 40.4609375, 41.6015625, 42.89453125, 44.46484375, 46.30078125, 47.96875, 45.140625, 42.33203125, 41.1796875, 40.09375, 38.7734375, 37.5234375, 36.171875, 35.57421875, 34.87109375, 34.03515625, 33.26953125, 32.76171875, 30.0859375, 29.8515625, 29.55078125, 29.265625, 25.12109375, 25.033203125, 25.89453125, 26.484375, 25.80859375, 18.48046875], [28.71875, 33.16796875, 34.67578125, 35.74609375, 37.10546875, 38.2578125, 39.5, 41.17578125, 43.15234375, 45.140625, 47.9609375, 45.625, 44.296875, 43.05078125, 41.54296875, 40.05859375, 38.60546875, 37.88671875, 37.05078125, 36.10546875, 35.2734375, 34.61328125, 32.33984375, 31.8984375, 31.34765625, 30.859375, 27.28125, 26.91796875, 27.28125, 26.95703125, 25.48046875, 19.33203125], [26.546875, 30.6953125, 32.05078125, 32.96484375, 34.26171875, 35.3828125, 36.51171875, 38.21484375, 40.2578125, 42.33203125, 45.625, 47.98828125, 46.58984375, 45.10546875, 43.5, 41.87109375, 40.40234375, 39.5703125, 38.57421875, 37.5703125, 36.625, 35.83203125, 33.90234375, 33.31640625, 32.5078125, 31.859375, 28.859375, 28.23828125, 28.0859375, 26.984375, 24.708984375, 19.84765625], [25.59765625, 29.890625, 31.27734375, 32.1796875, 33.48828125, 34.58203125, 35.7109375, 37.30078125, 39.1328125, 41.1796875, 44.296875, 46.58984375, 47.984375, 46.59765625, 45.0546875, 43.32421875, 41.8046875, 40.953125, 39.875, 38.8203125, 37.8203125, 36.97265625, 35.08203125, 34.453125, 33.61328125, 32.9140625, 29.92578125, 29.28515625, 29.08203125, 27.85546875, 25.43359375, 20.447265625], [24.66796875, 29.06640625, 30.515625, 31.484375, 32.7890625, 33.8828125, 34.98046875, 36.5, 38.23046875, 40.09375, 43.05078125, 45.10546875, 46.59765625, 47.95703125, 46.45703125, 44.796875, 43.2890625, 42.390625, 41.3359375, 40.23828125, 39.1796875, 38.30859375, 36.41015625, 35.76171875, 34.86328125, 34.13671875, 31.10546875, 30.40625, 30.14453125, 28.75390625, 26.171875, 21.09765625], [23.8125, 28.171875, 29.578125, 30.48046875, 31.77734375, 32.79296875, 33.875, 35.33203125, 36.9765625, 38.7734375, 41.54296875, 43.5, 45.0546875, 46.45703125, 47.9609375, 46.19140625, 44.640625, 43.71484375, 42.57421875, 41.41796875, 40.32421875, 39.3984375, 37.57421875, 36.8359375, 35.90625, 35.09375, 32.1875, 31.3984375, 30.9375, 29.296875, 26.37890625, 21.46875], [22.857421875, 27.23828125, 28.671875, 29.5625, 30.83984375, 31.8828125, 32.8984375, 34.23828125, 35.7890625, 37.5234375, 40.05859375, 41.87109375, 43.32421875, 44.796875, 46.19140625, 47.98828125, 46.3984375, 45.44140625, 44.26953125, 43.140625, 42.02734375, 41.05078125, 39.296875, 38.5390625, 37.50390625, 36.609375, 33.79296875, 32.8671875, 32.1953125, 30.26171875, 27.02734375, 22.2734375], [22.275390625, 26.61328125, 27.94921875, 28.6875, 29.91796875, 30.8671875, 31.8203125, 33.0859375, 34.53515625, 36.171875, 38.60546875, 40.40234375, 41.8046875, 43.2890625, 44.640625, 46.3984375, 48.0, 47.10546875, 46.078125, 45.0078125, 43.92578125, 42.90625, 41.375, 40.46484375, 39.375, 38.328125, 35.87890625, 34.8359375, 33.88671875, 31.359375, 27.4609375, 23.140625], [21.90625, 26.25, 27.5546875, 28.3046875, 29.53515625, 30.45703125, 31.3828125, 32.62109375, 33.98828125, 35.57421875, 37.88671875, 39.5703125, 40.953125, 42.390625, 43.71484375, 45.44140625, 47.10546875, 48.01953125, 46.921875, 45.86328125, 44.78125, 43.78125, 42.30078125, 41.3671875, 40.234375, 39.16796875, 36.73046875, 35.62109375, 34.6171875, 31.97265625, 27.9609375, 23.58984375], [21.447265625, 25.83203125, 27.1640625, 27.8984375, 29.125, 30.01953125, 30.921875, 32.0703125, 33.38671875, 34.87109375, 37.05078125, 38.57421875, 39.875, 41.3359375, 42.57421875, 44.26953125, 46.078125, 46.921875, 47.97265625, 46.9453125, 45.92578125, 44.91015625, 43.5390625, 42.57421875, 41.41796875, 40.3203125, 37.93359375, 36.8046875, 35.6953125, 32.89453125, 28.6484375, 24.228515625], [20.806640625, 25.16796875, 26.48046875, 27.22265625, 28.44140625, 29.28515625, 30.1953125, 31.30859375, 32.59765625, 34.03515625, 36.10546875, 37.5703125, 38.8203125, 40.23828125, 41.41796875, 43.140625, 45.0078125, 45.86328125, 46.9453125, 47.99609375, 46.96875, 46.0, 44.6484375, 43.6875, 42.51171875, 41.375, 39.015625, 37.81640625, 36.59375, 33.59765625, 29.17578125, 24.861328125], [20.298828125, 24.63671875, 25.94921875, 26.6953125, 27.875, 28.7109375, 29.59375, 30.6640625, 31.875, 33.26953125, 35.2734375, 36.625, 37.8203125, 39.1796875, 40.32421875, 42.02734375, 43.92578125, 44.78125, 45.92578125, 46.96875, 47.95703125, 46.9765625, 45.64453125, 44.6484375, 43.44921875, 42.2890625, 39.96875, 38.6953125, 37.40625, 34.3359375, 29.8515625, 25.5], [19.849609375, 24.267578125, 25.62109375, 26.3828125, 27.61328125, 28.45703125, 29.3203125, 30.33984375, 31.4375, 32.76171875, 34.61328125, 35.83203125, 36.97265625, 38.30859375, 39.3984375, 41.05078125, 42.90625, 43.78125, 44.91015625, 46.0, 46.9765625, 47.96875, 46.5234375, 45.56640625, 44.41015625, 43.2421875, 40.77734375, 39.4921875, 38.23828125, 35.234375, 30.8046875, 26.2265625], [18.466796875, 22.193359375, 23.271484375, 23.80859375, 24.8046875, 25.5078125, 26.30078125, 27.43359375, 28.72265625, 30.0859375, 32.33984375, 33.90234375, 35.08203125, 36.41015625, 37.57421875, 39.296875, 41.375, 42.30078125, 43.5390625, 44.6484375, 45.64453125, 46.5234375, 48.01953125, 46.91015625, 45.515625, 44.125, 42.53125, 41.01953125, 39.08203125, 35.01953125, 29.59765625, 26.43359375], [18.185546875, 21.998046875, 23.1328125, 23.728515625, 24.767578125, 25.50390625, 26.296875, 27.3359375, 28.5546875, 29.8515625, 31.8984375, 33.31640625, 34.453125, 35.76171875, 36.8359375, 38.5390625, 40.46484375, 41.3671875, 42.57421875, 43.6875, 44.6484375, 45.56640625, 46.91015625, 48.0078125, 46.609375, 45.28125, 43.46484375, 41.90234375, 40.0546875, 36.1640625, 30.8515625, 27.3984375], [17.88671875, 21.87890625, 23.080078125, 23.732421875, 24.8046875, 25.546875, 26.3515625, 27.25390625, 28.328125, 29.55078125, 31.34765625, 32.5078125, 33.61328125, 34.86328125, 35.90625, 37.50390625, 39.375, 40.234375, 41.41796875, 42.51171875, 43.44921875, 44.41015625, 45.515625, 46.609375, 47.9453125, 46.66796875, 44.62109375, 43.09765625, 41.390625, 37.65234375, 32.3828125, 28.3203125], [17.720703125, 21.818359375, 23.076171875, 23.7890625, 24.90234375, 25.60546875, 26.390625, 27.2109375, 28.140625, 29.265625, 30.859375, 31.859375, 32.9140625, 34.13671875, 35.09375, 36.609375, 38.328125, 39.16796875, 40.3203125, 41.375, 42.2890625, 43.2421875, 44.125, 45.28125, 46.66796875, 48.01171875, 45.6875, 44.21875, 42.640625, 39.23046875, 34.05859375, 29.52734375], [15.576171875, 18.5546875, 19.376953125, 19.69140625, 20.470703125, 20.98828125, 21.6328125, 22.642578125, 23.822265625, 25.12109375, 27.28125, 28.859375, 29.92578125, 31.10546875, 32.1875, 33.79296875, 35.87890625, 36.73046875, 37.93359375, 39.015625, 39.96875, 40.77734375, 42.53125, 43.46484375, 44.62109375, 45.6875, 47.99609375, 46.203125, 43.72265625, 38.8515625, 32.31640625, 30.1875], [15.4921875, 18.671875, 19.548828125, 19.93359375, 20.7421875, 21.25390625, 21.91796875, 22.81640625, 23.87109375, 25.033203125, 26.91796875, 28.23828125, 29.28515625, 30.40625, 31.3984375, 32.8671875, 34.8359375, 35.62109375, 36.8046875, 37.81640625, 38.6953125, 39.4921875, 41.01953125, 41.90234375, 43.09765625, 44.21875, 46.203125, 48.00390625, 45.734375, 41.12890625, 34.73828125, 31.96484375], [16.01171875, 19.68359375, 20.74609375, 21.31640625, 22.228515625, 22.78515625, 23.5078125, 24.16796875, 24.94921875, 25.89453125, 27.28125, 28.0859375, 29.08203125, 30.14453125, 30.9375, 32.1953125, 33.88671875, 34.6171875, 35.6953125, 36.59375, 37.40625, 38.23828125, 39.08203125, 40.0546875, 41.390625, 42.640625, 43.72265625, 45.734375, 47.99609375, 44.1875, 38.4765625, 34.30078125], [16.294921875, 20.5625, 21.86328125, 22.712890625, 23.802734375, 24.400390625, 25.14453125, 25.453125, 25.80859375, 26.484375, 26.95703125, 26.984375, 27.85546875, 28.75390625, 29.296875, 30.26171875, 31.359375, 31.97265625, 32.89453125, 33.59765625, 34.3359375, 35.234375, 35.01953125, 36.1640625, 37.65234375, 39.23046875, 38.8515625, 41.12890625, 44.1875, 47.98046875, 43.640625, 37.35546875], [15.5546875, 20.09765625, 21.623046875, 22.73046875, 23.9375, 24.626953125, 25.39453125, 25.42578125, 25.4375, 25.80859375, 25.48046875, 24.708984375, 25.43359375, 26.171875, 26.37890625, 27.02734375, 27.4609375, 27.9609375, 28.6484375, 29.17578125, 29.8515625, 30.8046875, 29.59765625, 30.8515625, 32.3828125, 34.05859375, 32.31640625, 34.73828125, 38.4765625, 43.640625, 47.99609375, 40.90625], [11.5966796875, 13.775390625, 14.599609375, 15.10546875, 15.7890625, 16.310546875, 16.818359375, 17.259765625, 17.76953125, 18.48046875, 19.33203125, 19.84765625, 20.447265625, 21.09765625, 21.46875, 22.2734375, 23.140625, 23.58984375, 24.228515625, 24.861328125, 25.5, 26.2265625, 26.43359375, 27.3984375, 28.3203125, 29.52734375, 30.1875, 31.96484375, 34.30078125, 37.35546875, 40.90625, 48.08984375]], "average_matrix": [[0.9996744791666666, 0.963623046875, 0.935546875, 0.9070638020833334, 0.8636067708333334, 0.8258463541666666, 0.785400390625, 0.7481282552083334, 0.704833984375, 0.6555989583333334, 0.5983072916666666, 0.5530598958333334, 0.5332845052083334, 0.513916015625, 0.49609375, 0.4761962890625, 0.4640706380208333, 0.4563802083333333, 0.4468180338541667, 0.4334716796875, 0.4228922526041667, 0.4135335286458333, 0.3847249348958333, 0.3788655598958333, 0.3726399739583333, 0.3691813151041667, 0.3245035807291667, 0.32275390625, 0.3335774739583333, 0.3394775390625, 0.3240559895833333, 0.24159749348958334], [0.963623046875, 0.999267578125, 0.990478515625, 0.974365234375, 0.9449869791666666, 0.9163411458333334, 0.8828938802083334, 0.8460286458333334, 0.8021647135416666, 0.75439453125, 0.6909993489583334, 0.6394856770833334, 0.6227213541666666, 0.6055501302083334, 0.5869140625, 0.5674641927083334, 0.554443359375, 0.546875, 0.5381673177083334, 0.5243326822916666, 0.5132649739583334, 0.5055745442708334, 0.4623616536458333, 0.4582926432291667, 0.455810546875, 0.4545491536458333, 0.3865559895833333, 0.3889973958333333, 0.4100748697916667, 0.4283854166666667, 0.418701171875, 0.2869873046875], [0.935546875, 0.990478515625, 0.9991861979166666, 0.98974609375, 0.9679361979166666, 0.9440104166666666, 0.914794921875, 0.8784993489583334, 0.8346354166666666, 0.7877604166666666, 0.722412109375, 0.667724609375, 0.651611328125, 0.6357421875, 0.6162109375, 0.5973307291666666, 0.582275390625, 0.5740559895833334, 0.56591796875, 0.5516764322916666, 0.5406087239583334, 0.5337727864583334, 0.4848225911458333, 0.48193359375, 0.4808349609375, 0.4807535807291667, 0.4036865234375, 0.4072672526041667, 0.4322102864583333, 0.4554850260416667, 0.4504801432291667, 0.3041585286458333], [0.9070638020833334, 0.974365234375, 0.98974609375, 1.00048828125, 0.9852701822916666, 0.9658203125, 0.9398600260416666, 0.9049479166666666, 0.8609212239583334, 0.814208984375, 0.7447102864583334, 0.686767578125, 0.67041015625, 0.6559244791666666, 0.635009765625, 0.6158854166666666, 0.59765625, 0.5896809895833334, 0.5812174479166666, 0.567138671875, 0.55615234375, 0.5496419270833334, 0.4960123697916667, 0.4943440755208333, 0.4944254557291667, 0.49560546875, 0.4102376302083333, 0.415283203125, 0.444091796875, 0.4731852213541667, 0.4735514322916667, 0.314697265625], [0.8636067708333334, 0.9449869791666666, 0.9679361979166666, 0.9852701822916666, 0.9995930989583334, 0.9871419270833334, 0.9654134114583334, 0.9319661458333334, 0.8889973958333334, 0.8429361979166666, 0.7730305989583334, 0.7137858072916666, 0.6976725260416666, 0.68310546875, 0.6620279947916666, 0.6424967447916666, 0.623291015625, 0.6153157552083334, 0.6067708333333334, 0.592529296875, 0.5807291666666666, 0.5752766927083334, 0.5167643229166666, 0.5159912109375, 0.5167643229166666, 0.518798828125, 0.4264729817708333, 0.43212890625, 0.4630940755208333, 0.4958902994791667, 0.4986979166666667, 0.3289388020833333], [0.8258463541666666, 0.9163411458333334, 0.9440104166666666, 0.9658203125, 0.9871419270833334, 1.0001627604166667, 0.984130859375, 0.9537760416666666, 0.9117838541666666, 0.86669921875, 0.7970377604166666, 0.7371419270833334, 0.720458984375, 0.7058919270833334, 0.6831868489583334, 0.6642252604166666, 0.64306640625, 0.634521484375, 0.6254069010416666, 0.610107421875, 0.59814453125, 0.5928548177083334, 0.5314127604166666, 0.5313313802083334, 0.5322265625, 0.533447265625, 0.437255859375, 0.4427897135416667, 0.4746907552083333, 0.5083414713541666, 0.5130615234375, 0.3398030598958333], [0.785400390625, 0.8828938802083334, 0.914794921875, 0.9398600260416666, 0.9654134114583334, 0.984130859375, 1.00048828125, 0.974609375, 0.936279296875, 0.8936360677083334, 0.8229166666666666, 0.7606608072916666, 0.7439778645833334, 0.728759765625, 0.7057291666666666, 0.6853841145833334, 0.6629231770833334, 0.65380859375, 0.6442057291666666, 0.6290690104166666, 0.6165364583333334, 0.61083984375, 0.5479329427083334, 0.5478515625, 0.5489908854166666, 0.5498046875, 0.45068359375, 0.4566243489583333, 0.48974609375, 0.5238444010416666, 0.529052734375, 0.3503824869791667], [0.7481282552083334, 0.8460286458333334, 0.8784993489583334, 0.9049479166666666, 0.9319661458333334, 0.9537760416666666, 0.974609375, 0.9999186197916666, 0.9672037760416666, 0.9263509114583334, 0.8578287760416666, 0.796142578125, 0.777099609375, 0.7604166666666666, 0.736083984375, 0.7132975260416666, 0.6892903645833334, 0.6796061197916666, 0.6681315104166666, 0.6522623697916666, 0.6388346354166666, 0.632080078125, 0.571533203125, 0.5694986979166666, 0.5677897135416666, 0.56689453125, 0.4717203776041667, 0.475341796875, 0.5034993489583334, 0.5302734375, 0.5297037760416666, 0.3595784505208333], [0.704833984375, 0.8021647135416666, 0.8346354166666666, 0.8609212239583334, 0.8889973958333334, 0.9117838541666666, 0.936279296875, 0.9672037760416666, 1.0006510416666667, 0.964599609375, 0.8990071614583334, 0.8387044270833334, 0.8152669270833334, 0.7964680989583334, 0.7703450520833334, 0.74560546875, 0.719482421875, 0.7080891927083334, 0.695556640625, 0.6791178385416666, 0.6640625, 0.6549479166666666, 0.598388671875, 0.5948893229166666, 0.5901692708333334, 0.5862630208333334, 0.4962972005208333, 0.497314453125, 0.519775390625, 0.5376790364583334, 0.5299479166666666, 0.3701985677083333], [0.6555989583333334, 0.75439453125, 0.7877604166666666, 0.814208984375, 0.8429361979166666, 0.86669921875, 0.8936360677083334, 0.9263509114583334, 0.964599609375, 0.9993489583333334, 0.9404296875, 0.8819173177083334, 0.85791015625, 0.8352864583333334, 0.8077799479166666, 0.78173828125, 0.7535807291666666, 0.7411295572916666, 0.7264811197916666, 0.7090657552083334, 0.693115234375, 0.6825358072916666, 0.6267903645833334, 0.6219075520833334, 0.6156412760416666, 0.6097005208333334, 0.5233561197916666, 0.5215250651041666, 0.5394694010416666, 0.5517578125, 0.5376790364583334, 0.385009765625], [0.5983072916666666, 0.6909993489583334, 0.722412109375, 0.7447102864583334, 0.7730305989583334, 0.7970377604166666, 0.8229166666666666, 0.8578287760416666, 0.8990071614583334, 0.9404296875, 0.9991861979166666, 0.9505208333333334, 0.9228515625, 0.8968912760416666, 0.865478515625, 0.8345540364583334, 0.8042805989583334, 0.789306640625, 0.7718912760416666, 0.752197265625, 0.73486328125, 0.7211100260416666, 0.6737467447916666, 0.66455078125, 0.653076171875, 0.6429036458333334, 0.568359375, 0.560791015625, 0.568359375, 0.5616048177083334, 0.5308430989583334, 0.4027506510416667], [0.5530598958333334, 0.6394856770833334, 0.667724609375, 0.686767578125, 0.7137858072916666, 0.7371419270833334, 0.7606608072916666, 0.796142578125, 0.8387044270833334, 0.8819173177083334, 0.9505208333333334, 0.999755859375, 0.9706217447916666, 0.939697265625, 0.90625, 0.872314453125, 0.8417154947916666, 0.8243815104166666, 0.8036295572916666, 0.78271484375, 0.7630208333333334, 0.7465006510416666, 0.706298828125, 0.694091796875, 0.67724609375, 0.6637369791666666, 0.6012369791666666, 0.5882975260416666, 0.5851236979166666, 0.5621744791666666, 0.5147705078125, 0.4134928385416667], [0.5332845052083334, 0.6227213541666666, 0.651611328125, 0.67041015625, 0.6976725260416666, 0.720458984375, 0.7439778645833334, 0.777099609375, 0.8152669270833334, 0.85791015625, 0.9228515625, 0.9706217447916666, 0.9996744791666666, 0.9707845052083334, 0.9386393229166666, 0.902587890625, 0.8709309895833334, 0.8531901041666666, 0.8307291666666666, 0.8087565104166666, 0.7879231770833334, 0.770263671875, 0.7308756510416666, 0.7177734375, 0.7002766927083334, 0.6857096354166666, 0.6234537760416666, 0.610107421875, 0.6058756510416666, 0.580322265625, 0.5298665364583334, 0.4259847005208333], [0.513916015625, 0.6055501302083334, 0.6357421875, 0.6559244791666666, 0.68310546875, 0.7058919270833334, 0.728759765625, 0.7604166666666666, 0.7964680989583334, 0.8352864583333334, 0.8968912760416666, 0.939697265625, 0.9707845052083334, 0.9991048177083334, 0.9678548177083334, 0.9332682291666666, 0.90185546875, 0.8831380208333334, 0.8611653645833334, 0.8382975260416666, 0.8162434895833334, 0.798095703125, 0.758544921875, 0.7450358072916666, 0.726318359375, 0.711181640625, 0.6480305989583334, 0.6334635416666666, 0.6280110677083334, 0.5990397135416666, 0.5452473958333334, 0.4395345052083333], [0.49609375, 0.5869140625, 0.6162109375, 0.635009765625, 0.6620279947916666, 0.6831868489583334, 0.7057291666666666, 0.736083984375, 0.7703450520833334, 0.8077799479166666, 0.865478515625, 0.90625, 0.9386393229166666, 0.9678548177083334, 0.9991861979166666, 0.9623209635416666, 0.9300130208333334, 0.9107259114583334, 0.886962890625, 0.8628743489583334, 0.840087890625, 0.82080078125, 0.7827962239583334, 0.7674153645833334, 0.748046875, 0.7311197916666666, 0.6705729166666666, 0.6541341145833334, 0.64453125, 0.6103515625, 0.549560546875, 0.447265625], [0.4761962890625, 0.5674641927083334, 0.5973307291666666, 0.6158854166666666, 0.6424967447916666, 0.6642252604166666, 0.6853841145833334, 0.7132975260416666, 0.74560546875, 0.78173828125, 0.8345540364583334, 0.872314453125, 0.902587890625, 0.9332682291666666, 0.9623209635416666, 0.999755859375, 0.9666341145833334, 0.9466959635416666, 0.9222819010416666, 0.8987630208333334, 0.8755696614583334, 0.855224609375, 0.8186848958333334, 0.8028971354166666, 0.7813313802083334, 0.7626953125, 0.7040201822916666, 0.6847330729166666, 0.6707356770833334, 0.6304524739583334, 0.5630696614583334, 0.4640299479166667], [0.4640706380208333, 0.554443359375, 0.582275390625, 0.59765625, 0.623291015625, 0.64306640625, 0.6629231770833334, 0.6892903645833334, 0.719482421875, 0.7535807291666666, 0.8042805989583334, 0.8417154947916666, 0.8709309895833334, 0.90185546875, 0.9300130208333334, 0.9666341145833334, 1.0, 0.9813639322916666, 0.9599609375, 0.9376627604166666, 0.9151204427083334, 0.8938802083333334, 0.8619791666666666, 0.843017578125, 0.8203125, 0.7985026041666666, 0.7474772135416666, 0.7257486979166666, 0.7059733072916666, 0.6533203125, 0.5721028645833334, 0.4820963541666667], [0.4563802083333333, 0.546875, 0.5740559895833334, 0.5896809895833334, 0.6153157552083334, 0.634521484375, 0.65380859375, 0.6796061197916666, 0.7080891927083334, 0.7411295572916666, 0.789306640625, 0.8243815104166666, 0.8531901041666666, 0.8831380208333334, 0.9107259114583334, 0.9466959635416666, 0.9813639322916666, 1.0004069010416667, 0.9775390625, 0.9554850260416666, 0.9329427083333334, 0.912109375, 0.8812662760416666, 0.86181640625, 0.8382161458333334, 0.8159993489583334, 0.7652180989583334, 0.7421061197916666, 0.72119140625, 0.6660970052083334, 0.58251953125, 0.491455078125], [0.4468180338541667, 0.5381673177083334, 0.56591796875, 0.5812174479166666, 0.6067708333333334, 0.6254069010416666, 0.6442057291666666, 0.6681315104166666, 0.695556640625, 0.7264811197916666, 0.7718912760416666, 0.8036295572916666, 0.8307291666666666, 0.8611653645833334, 0.886962890625, 0.9222819010416666, 0.9599609375, 0.9775390625, 0.9994303385416666, 0.97802734375, 0.956787109375, 0.9356282552083334, 0.9070638020833334, 0.886962890625, 0.8628743489583334, 0.8400065104166666, 0.790283203125, 0.7667643229166666, 0.74365234375, 0.685302734375, 0.5968424479166666, 0.5047607421875], [0.4334716796875, 0.5243326822916666, 0.5516764322916666, 0.567138671875, 0.592529296875, 0.610107421875, 0.6290690104166666, 0.6522623697916666, 0.6791178385416666, 0.7090657552083334, 0.752197265625, 0.78271484375, 0.8087565104166666, 0.8382975260416666, 0.8628743489583334, 0.8987630208333334, 0.9376627604166666, 0.9554850260416666, 0.97802734375, 0.9999186197916666, 0.978515625, 0.9583333333333334, 0.93017578125, 0.91015625, 0.8856608072916666, 0.8619791666666666, 0.8128255208333334, 0.787841796875, 0.7623697916666666, 0.699951171875, 0.6078287760416666, 0.5179443359375], [0.4228922526041667, 0.5132649739583334, 0.5406087239583334, 0.55615234375, 0.5807291666666666, 0.59814453125, 0.6165364583333334, 0.6388346354166666, 0.6640625, 0.693115234375, 0.73486328125, 0.7630208333333334, 0.7879231770833334, 0.8162434895833334, 0.840087890625, 0.8755696614583334, 0.9151204427083334, 0.9329427083333334, 0.956787109375, 0.978515625, 0.9991048177083334, 0.9786783854166666, 0.950927734375, 0.93017578125, 0.9051920572916666, 0.8810221354166666, 0.8326822916666666, 0.80615234375, 0.779296875, 0.71533203125, 0.6219075520833334, 0.53125], [0.4135335286458333, 0.5055745442708334, 0.5337727864583334, 0.5496419270833334, 0.5752766927083334, 0.5928548177083334, 0.61083984375, 0.632080078125, 0.6549479166666666, 0.6825358072916666, 0.7211100260416666, 0.7465006510416666, 0.770263671875, 0.798095703125, 0.82080078125, 0.855224609375, 0.8938802083333334, 0.912109375, 0.9356282552083334, 0.9583333333333334, 0.9786783854166666, 0.9993489583333334, 0.96923828125, 0.9493001302083334, 0.9252115885416666, 0.90087890625, 0.8495279947916666, 0.82275390625, 0.796630859375, 0.7340494791666666, 0.6417643229166666, 0.54638671875], [0.3847249348958333, 0.4623616536458333, 0.4848225911458333, 0.4960123697916667, 0.5167643229166666, 0.5314127604166666, 0.5479329427083334, 0.571533203125, 0.598388671875, 0.6267903645833334, 0.6737467447916666, 0.706298828125, 0.7308756510416666, 0.758544921875, 0.7827962239583334, 0.8186848958333334, 0.8619791666666666, 0.8812662760416666, 0.9070638020833334, 0.93017578125, 0.950927734375, 0.96923828125, 1.0004069010416667, 0.977294921875, 0.9482421875, 0.9192708333333334, 0.8860677083333334, 0.8545735677083334, 0.814208984375, 0.7295735677083334, 0.6166178385416666, 0.5506998697916666], [0.3788655598958333, 0.4582926432291667, 0.48193359375, 0.4943440755208333, 0.5159912109375, 0.5313313802083334, 0.5478515625, 0.5694986979166666, 0.5948893229166666, 0.6219075520833334, 0.66455078125, 0.694091796875, 0.7177734375, 0.7450358072916666, 0.7674153645833334, 0.8028971354166666, 0.843017578125, 0.86181640625, 0.886962890625, 0.91015625, 0.93017578125, 0.9493001302083334, 0.977294921875, 1.0001627604166667, 0.9710286458333334, 0.943359375, 0.905517578125, 0.8729654947916666, 0.83447265625, 0.75341796875, 0.6427408854166666, 0.57080078125], [0.3726399739583333, 0.455810546875, 0.4808349609375, 0.4944254557291667, 0.5167643229166666, 0.5322265625, 0.5489908854166666, 0.5677897135416666, 0.5901692708333334, 0.6156412760416666, 0.653076171875, 0.67724609375, 0.7002766927083334, 0.726318359375, 0.748046875, 0.7813313802083334, 0.8203125, 0.8382161458333334, 0.8628743489583334, 0.8856608072916666, 0.9051920572916666, 0.9252115885416666, 0.9482421875, 0.9710286458333334, 0.9988606770833334, 0.9722493489583334, 0.9296061197916666, 0.8978678385416666, 0.8623046875, 0.784423828125, 0.6746419270833334, 0.5900065104166666], [0.3691813151041667, 0.4545491536458333, 0.4807535807291667, 0.49560546875, 0.518798828125, 0.533447265625, 0.5498046875, 0.56689453125, 0.5862630208333334, 0.6097005208333334, 0.6429036458333334, 0.6637369791666666, 0.6857096354166666, 0.711181640625, 0.7311197916666666, 0.7626953125, 0.7985026041666666, 0.8159993489583334, 0.8400065104166666, 0.8619791666666666, 0.8810221354166666, 0.90087890625, 0.9192708333333334, 0.943359375, 0.9722493489583334, 1.000244140625, 0.9518229166666666, 0.9212239583333334, 0.8883463541666666, 0.8173014322916666, 0.7095540364583334, 0.6151529947916666], [0.3245035807291667, 0.3865559895833333, 0.4036865234375, 0.4102376302083333, 0.4264729817708333, 0.437255859375, 0.45068359375, 0.4717203776041667, 0.4962972005208333, 0.5233561197916666, 0.568359375, 0.6012369791666666, 0.6234537760416666, 0.6480305989583334, 0.6705729166666666, 0.7040201822916666, 0.7474772135416666, 0.7652180989583334, 0.790283203125, 0.8128255208333334, 0.8326822916666666, 0.8495279947916666, 0.8860677083333334, 0.905517578125, 0.9296061197916666, 0.9518229166666666, 0.9999186197916666, 0.9625651041666666, 0.910888671875, 0.8094075520833334, 0.6732584635416666, 0.62890625], [0.32275390625, 0.3889973958333333, 0.4072672526041667, 0.415283203125, 0.43212890625, 0.4427897135416667, 0.4566243489583333, 0.475341796875, 0.497314453125, 0.5215250651041666, 0.560791015625, 0.5882975260416666, 0.610107421875, 0.6334635416666666, 0.6541341145833334, 0.6847330729166666, 0.7257486979166666, 0.7421061197916666, 0.7667643229166666, 0.787841796875, 0.80615234375, 0.82275390625, 0.8545735677083334, 0.8729654947916666, 0.8978678385416666, 0.9212239583333334, 0.9625651041666666, 1.0000813802083333, 0.9527994791666666, 0.8568522135416666, 0.7237141927083334, 0.6659342447916666], [0.3335774739583333, 0.4100748697916667, 0.4322102864583333, 0.444091796875, 0.4630940755208333, 0.4746907552083333, 0.48974609375, 0.5034993489583334, 0.519775390625, 0.5394694010416666, 0.568359375, 0.5851236979166666, 0.6058756510416666, 0.6280110677083334, 0.64453125, 0.6707356770833334, 0.7059733072916666, 0.72119140625, 0.74365234375, 0.7623697916666666, 0.779296875, 0.796630859375, 0.814208984375, 0.83447265625, 0.8623046875, 0.8883463541666666, 0.910888671875, 0.9527994791666666, 0.9999186197916666, 0.9205729166666666, 0.8015950520833334, 0.714599609375], [0.3394775390625, 0.4283854166666667, 0.4554850260416667, 0.4731852213541667, 0.4958902994791667, 0.5083414713541666, 0.5238444010416666, 0.5302734375, 0.5376790364583334, 0.5517578125, 0.5616048177083334, 0.5621744791666666, 0.580322265625, 0.5990397135416666, 0.6103515625, 0.6304524739583334, 0.6533203125, 0.6660970052083334, 0.685302734375, 0.699951171875, 0.71533203125, 0.7340494791666666, 0.7295735677083334, 0.75341796875, 0.784423828125, 0.8173014322916666, 0.8094075520833334, 0.8568522135416666, 0.9205729166666666, 0.9995930989583334, 0.9091796875, 0.7782389322916666], [0.3240559895833333, 0.418701171875, 0.4504801432291667, 0.4735514322916667, 0.4986979166666667, 0.5130615234375, 0.529052734375, 0.5297037760416666, 0.5299479166666666, 0.5376790364583334, 0.5308430989583334, 0.5147705078125, 0.5298665364583334, 0.5452473958333334, 0.549560546875, 0.5630696614583334, 0.5721028645833334, 0.58251953125, 0.5968424479166666, 0.6078287760416666, 0.6219075520833334, 0.6417643229166666, 0.6166178385416666, 0.6427408854166666, 0.6746419270833334, 0.7095540364583334, 0.6732584635416666, 0.7237141927083334, 0.8015950520833334, 0.9091796875, 0.9999186197916666, 0.8522135416666666], [0.24159749348958334, 0.2869873046875, 0.3041585286458333, 0.314697265625, 0.3289388020833333, 0.3398030598958333, 0.3503824869791667, 0.3595784505208333, 0.3701985677083333, 0.385009765625, 0.4027506510416667, 0.4134928385416667, 0.4259847005208333, 0.4395345052083333, 0.447265625, 0.4640299479166667, 0.4820963541666667, 0.491455078125, 0.5047607421875, 0.5179443359375, 0.53125, 0.54638671875, 0.5506998697916666, 0.57080078125, 0.5900065104166666, 0.6151529947916666, 0.62890625, 0.6659342447916666, 0.714599609375, 0.7782389322916666, 0.8522135416666666, 1.0018717447916667]], "count": 48}